100
2370 1896 2370 1896 2370 1896 1896 1422 1896 1422 2370
228 304 Inf 380 228 Inf 304 228 228 304 Inf
Inf 1475 1180 Inf 1475 885 885 1180 1180 1180 1180
Inf 576 768 960 960 960 768 768 576 768 Inf
465 775 775 Inf Inf 775 465 Inf 620 Inf Inf
1578 1578 2630 2630 2630 2104 2104 1578 1578 2630 Inf
1671 Inf 2228 1671 2228 1671 Inf Inf Inf 1671 2228
Inf 1233 2055 2055 1644 Inf 1644 1233 1644 1233 2055
165 275 220 Inf 275 165 165 275 275 165 275
Inf 592 592 592 740 740 444 Inf 444 444 740
932 699 932 932 1165 699 932 932 Inf Inf 699
273 Inf 455 455 364 455 Inf 455 273 364 364
1285 771 771 771 1028 1285 771 1285 1285 1028 771
295 Inf 295 236 Inf 177 295 295 177 Inf 236
753 1255 753 753 1255 1255 1255 753 1255 Inf 1004
2128 2660 2128 1596 Inf 2128 Inf 1596 2660 2660 2660
969 Inf Inf Inf 1292 969 1615 1292 1292 1292 1292
396 660 396 Inf 396 528 Inf Inf Inf 660 Inf
105 140 Inf 140 175 Inf 140 140 Inf 175 105
88 Inf 110 110 66 66 88 88 Inf 66 Inf
560 560 448 560 336 560 448 560 Inf 336 560
1916 1437 1437 Inf 1916 1916 1916 2395 2395 Inf 1916
309 309 515 515 412 412 412 309 309 309 Inf
348 435 Inf Inf Inf 348 348 Inf Inf 348 261
99 99 99 99 132 165 165 Inf 99 99 99
2230 2230 2230 1338 Inf 2230 1338 1338 1784 2230 1784
933 1555 933 1555 1244 Inf 1555 1555 1244 1555 1555
813 813 813 1084 1084 1084 Inf 813 1355 Inf 1355
1556 1556 1556 Inf 1556 Inf 1167 1945 Inf 1556 Inf
Inf 195 325 260 325 195 195 325 Inf 260 260
1076 1345 807 1345 807 807 1345 807 1345 1345 1076
828 828 1035 828 Inf 621 621 Inf 1035 828 828
2068 2585 2068 2585 Inf 2068 2585 2585 2068 Inf Inf
480 640 Inf 480 Inf 800 Inf 480 640 480 Inf
1563 Inf 2084 Inf 2084 1563 Inf 1563 2605 1563 2084
1710 1368 1026 Inf 1368 1026 1710 1368 1026 1368 1368
435 348 261 261 435 348 261 261 261 261 435
175 175 105 140 Inf Inf 105 140 105 Inf Inf
2365 1892 2365 1419 1419 2365 1892 1892 Inf 2365 Inf
120 90 Inf Inf 150 90 90 90 90 90 150
Inf 2440 2440 2440 1952 Inf Inf 1952 1464 Inf 1464
1401 1401 1401 1401 Inf Inf Inf 1868 Inf 1401 1868
705 705 Inf 1175 940 Inf 940 Inf 705 1175 705
Inf 957 1595 1595 Inf 957 1595 1595 Inf 1595 1595
1626 2710 Inf 1626 2710 1626 Inf 2168 1626 Inf 2710
1100 Inf 1100 825 1100 1100 825 1100 825 1375 1375
156 208 156 Inf Inf Inf 156 Inf 260 156 156
2244 Inf Inf 1683 2805 2805 Inf 2244 1683 2244 2805
534 Inf 712 534 712 534 534 712 712 890 Inf
Inf Inf 2685 2148 2148 2685 2148 Inf 1611 1611 Inf
668 835 835 835 501 668 501 668 Inf 835 668
Inf 645 1075 Inf 645 860 1075 645 645 645 860
140 140 140 112 140 84 112 112 140 Inf 84
Inf 560 448 560 336 Inf Inf 336 Inf 336 336
1084 Inf Inf Inf 813 Inf 813 1355 Inf 813 Inf
345 276 276 276 345 276 276 207 345 Inf 276
Inf 510 Inf 306 408 306 510 408 Inf 510 Inf
1156 1445 1156 1156 1445 1156 1156 1445 1445 Inf 867
1540 1540 924 924 1540 Inf 1232 1232 924 924 1540
747 Inf 996 996 996 Inf 747 1245 747 996 1245
Inf 632 790 790 790 632 474 Inf 474 790 790
105 84 105 Inf Inf 84 84 105 63 105 63
180 Inf 144 144 108 108 Inf 144 Inf 180 180
604 Inf Inf 755 755 453 453 453 755 755 453
1705 1364 1364 Inf 1705 1705 1705 Inf 1364 1705 1023
1865 Inf 1119 1492 1119 Inf Inf 1865 1119 1119 1492
81 81 Inf Inf 135 135 81 108 81 108 135
1050 1050 1050 840 1050 1050 Inf Inf 840 1050 1050
2480 2480 Inf 1984 2480 Inf Inf Inf Inf 2480 2480
575 575 Inf 345 Inf 575 345 Inf 345 Inf 575
Inf 582 776 582 Inf Inf 970 776 Inf 776 970
1560 1950 1170 1170 Inf 1170 1950 1950 1170 Inf 1560
1150 920 920 Inf Inf 1150 1150 690 1150 1150 920
560 560 700 Inf 420 Inf Inf 560 420 420 420
1236 1236 Inf 2060 2060 Inf 1648 1648 Inf Inf Inf
1120 1120 896 672 1120 672 672 1120 1120 896 672
756 567 756 945 756 945 567 567 756 567 567
Inf Inf 2148 2148 1611 2148 Inf 2148 2685 Inf 1611
Inf 628 785 785 785 471 471 785 Inf 471 471
Inf 168 280 280 168 224 Inf 280 168 280 168
435 261 435 348 261 Inf Inf 348 261 261 Inf
685 548 548 411 Inf 548 Inf 548 411 Inf 411
66 110 Inf 66 110 66 110 110 88 88 110
Inf 546 Inf Inf 910 910 728 Inf 728 Inf 728
192 192 192 320 Inf 320 192 320 192 320 192
111 148 111 Inf 111 185 185 111 Inf 148 Inf
1436 1436 1077 Inf Inf 1795 1436 Inf 1077 1436 Inf
Inf 365 219 365 365 365 219 219 219 219 Inf
2440 2440 1464 Inf 2440 1952 1464 Inf 1464 2440 2440
364 Inf Inf 364 455 273 455 Inf Inf Inf 364
595 Inf 595 476 476 Inf 357 357 595 595 476
747 996 747 1245 747 996 996 747 747 747 747
2210 1768 2210 1768 1768 1768 1326 1326 1326 Inf 1326
Inf 1420 1420 1420 1420 1136 1136 1420 Inf 852 1136
Inf 624 Inf 832 624 624 624 1040 Inf 832 1040
69 69 69 92 69 115 69 69 115 69 69
272 204 272 272 272 204 340 340 204 204 204
Inf Inf 216 216 162 270 270 162 162 216 270
404 303 Inf 404 Inf Inf 505 505 404 404 505
1060 1325 795 795 795 1060 1060 795 1325 795 Inf
1 7
2 8
2 9
3 11
4 10
4 13
4 14
5 12
5 82
7 18
8 17
9 19
10 21
10 22
11 20
14 15
14 16
14 21
15 52
16 83
17 25
18 23
19 27
20 24
20 26
21 28
21 29
21 30
22 83
23 83
24 83
25 33
26 34
27 31
28 35
29 36
30 32
30 37
30 38
30 39
31 83
32 83
33 43
34 42
35 40
38 44
38 45
39 41
40 52
41 52
42 49
44 46
44 47
44 51
45 48
45 50
46 52
47 83
48 53
48 54
48 58
49 57
49 59
50 55
51 56
52 60
52 61
52 62
52 63
52 70
52 73
53 83
54 64
55 65
55 69
55 71
56 66
58 67
58 72
59 68
64 77
65 78
66 79
67 76
67 80
68 75
69 82
71 74
73 81
74 83
75 83
76 84
77 86
78 85
79 87
81 88
81 89
83 90
83 91
83 92
83 93
83 94
83 95
83 96
83 97
83 98
84 99
85 100
-1 -1