20
885 1180 885 Inf Inf
312 520 312 416 520
516 645 516 516 Inf
1100 660 1100 Inf Inf
348 Inf 261 261 Inf
592 592 Inf 444 740
531 531 Inf 885 531
768 576 576 576 768
340 340 255 340 Inf
735 1225 1225 980 Inf
195 260 195 325 195
942 942 1256 942 942
534 712 890 534 534
621 Inf Inf 828 621
785 471 785 Inf 628
864 1080 864 864 1080
Inf 750 750 750 Inf
615 Inf 492 615 369
609 1015 812 609 Inf
560 336 448 448 560
1 6
2 7
3 5
3 8
4 9
5 10
6 11
7 12
8 13
8 15
9 14
9 16
10 18
11 18
12 18
13 17
15 19
17 20
-1 -1