20
420 700 Inf 420 560 Inf Inf
144 180 Inf 180 180 144 Inf
621 1035 1035 1035 1035 621 828
756 756 Inf 567 945 Inf 756
264 198 264 Inf Inf 330 264
330 198 198 330 Inf 198 330
Inf Inf 1056 Inf 1320 1320 1320
Inf 560 420 700 700 700 Inf
594 792 594 594 990 990 990
81 135 135 135 Inf 108 135
595 595 Inf 357 476 595 595
820 656 656 820 656 492 820
720 720 960 720 960 Inf Inf
590 472 590 590 590 590 472
915 732 732 549 732 915 Inf
96 72 Inf 120 96 72 96
Inf 470 282 282 282 470 Inf
Inf 570 Inf 342 570 342 456
771 Inf 771 1285 Inf 1028 1285
1196 1196 897 Inf 897 897 Inf
1 5
1 6
1 7
2 4
2 5
2 6
3 4
3 9
4 7
5 8
5 9
6 10
7 10
8 10
9 10
10 11
10 12
11 13
12 14
13 17
14 15
14 16
16 17
16 18
17 19
17 20
18 19
-1 -1