100
1008 756 1008 1008 1008 1260 1260 Inf 1260 756
Inf 700 560 700 700 700 Inf 420 420 Inf
483 483 Inf 644 644 805 483 644 805 644
888 1110 666 888 888 888 888 1110 1110 666
1388 1388 1041 1041 1041 Inf 1388 1041 Inf 1388
700 700 700 560 700 560 700 700 700 Inf
1290 1290 774 1290 774 774 Inf Inf 1290 Inf
2570 1542 Inf 2570 2056 1542 2570 2056 2570 2570
Inf Inf Inf Inf Inf 2855 2855 1713 2855 2284
Inf Inf Inf Inf 470 282 282 376 470 376
145 87 Inf 87 Inf 87 116 87 Inf 116
1480 1480 1480 1850 1850 Inf 1850 1850 1850 1850
1444 1805 1805 Inf 1083 1444 1083 Inf 1083 1444
1104 828 828 Inf 1104 1380 828 Inf Inf 828
1530 1530 1530 918 1224 1224 Inf 918 Inf 1224
110 Inf 66 110 Inf 110 66 66 88 66
2220 Inf 1665 1665 Inf 1665 2775 2775 Inf 1665
1560 1560 1560 1560 1170 1560 1170 1560 1950 1560
Inf 488 Inf Inf 366 488 366 488 610 Inf
477 477 Inf 477 636 Inf Inf 636 477 477
Inf 420 Inf 315 420 315 525 315 420 315
2156 2156 2695 1617 2156 2156 Inf 2156 2695 1617
1360 1088 1088 816 1088 1360 1088 1360 816 816
Inf 776 582 776 970 Inf Inf Inf 776 776
1820 1365 2275 2275 1365 Inf 2275 1365 Inf 2275
1948 1461 1948 2435 1948 1461 1948 2435 1461 1461
208 208 260 208 156 156 Inf Inf 208 208
670 670 402 670 402 670 536 670 670 Inf
680 Inf 850 850 850 Inf 850 850 Inf 850
460 460 Inf 575 575 460 345 460 460 460
1926 Inf 1926 1926 1926 3210 3210 1926 3210 2568
2035 2035 1628 2035 1628 1628 Inf 1221 1221 1628
Inf 408 680 544 Inf Inf 680 408 680 408
Inf 225 135 135 225 225 135 225 135 225
Inf 1404 1404 1872 2340 1404 1872 1404 1872 1404
660 396 660 660 Inf 528 660 660 660 Inf
296 222 296 370 296 370 296 Inf 296 370
309 412 Inf 309 309 412 309 515 309 412
492 492 615 369 369 369 492 615 Inf 615
2835 Inf Inf 2835 2268 Inf 1701 1701 2268 2835
800 800 640 800 640 640 640 800 640 480
687 916 687 1145 Inf 916 1145 1145 1145 1145
Inf Inf 1884 1884 2355 2355 1413 2355 1884 1413
510 306 Inf 510 Inf 306 306 306 306 306
2675 1605 1605 Inf Inf 1605 1605 1605 2140 2675
162 216 162 270 216 216 270 Inf 270 216
1780 2225 1780 2225 Inf 1335 1780 2225 Inf 1780
1404 1872 2340 Inf 1404 1404 1872 2340 2340 2340
Inf Inf 776 582 582 970 970 776 776 776
1556 1556 1556 1556 1556 Inf Inf 1556 1167 Inf
520 520 416 312 416 520 312 416 Inf 312
2160 2700 1620 2160 2700 2160 2700 Inf 2160 2160
Inf 1578 1578 2630 1578 2630 1578 2104 2630 2630
695 Inf 417 695 556 556 556 Inf 556 556
240 192 240 Inf 192 192 Inf 240 240 144
756 756 756 Inf 567 567 945 567 756 567
1075 860 Inf Inf 1075 860 1075 860 860 645
Inf 135 135 135 180 225 225 225 Inf 135
Inf 1165 699 1165 699 932 1165 Inf 932 699
Inf Inf Inf 115 69 92 69 92 Inf 69
2700 Inf Inf 2160 2160 2160 1620 2700 2160 Inf
1876 1876 1407 1876 1876 2345 Inf 2345 Inf 1876
Inf Inf Inf Inf 2252 1689 1689 2815 2815 1689
1356 1356 Inf 1356 1356 1808 1808 1808 1356 Inf
Inf 927 927 1545 Inf 927 Inf Inf 1236 1236
2400 2400 1440 1920 Inf 2400 2400 1440 2400 Inf
429 429 429 715 Inf 429 715 572 572 715
924 693 924 1155 693 924 693 Inf 693 Inf
Inf 2020 Inf 2525 1515 2020 1515 2525 2020 1515
604 604 755 755 604 453 Inf 604 453 Inf
1704 1704 1278 Inf Inf 2130 Inf 2130 2130 2130
Inf 600 360 Inf Inf 360 600 Inf 600 360
1164 1455 1164 873 Inf 1164 1455 1455 Inf Inf
480 360 360 480 360 360 Inf Inf 600 Inf
Inf 128 96 160 96 160 160 96 160 96
195 156 117 Inf 156 117 195 156 117 117
180 144 180 180 Inf 108 144 180 144 144
1020 Inf 1275 765 765 1275 1275 1275 1020 1275
Inf 435 Inf 261 435 435 348 261 348 435
489 815 652 489 Inf Inf 652 815 652 815
525 525 875 700 525 875 875 700 525 525
665 399 Inf Inf 532 532 532 665 532 532
228 Inf 304 380 304 Inf 380 Inf 380 380
Inf 212 Inf Inf 265 212 159 159 159 159
Inf 1401 1401 1401 Inf 1868 1401 1868 1868 Inf
189 315 315 252 315 252 252 252 189 Inf
Inf 115 115 69 115 115 115 92 115 69
1110 888 888 666 Inf 888 666 888 Inf Inf
2135 1708 Inf 2135 2135 1281 1281 1708 2135 1281
1115 669 1115 669 669 892 669 1115 669 669
636 636 848 Inf 848 1060 848 Inf Inf 848
420 336 252 252 420 336 252 252 252 252
Inf Inf 1324 993 1655 993 993 Inf 993 993
606 Inf 808 606 Inf 606 606 808 606 606
549 Inf 549 732 915 732 549 549 Inf Inf
Inf 378 504 630 Inf Inf 630 630 630 504
2600 Inf 1560 2600 2080 Inf 1560 2080 2080 2080
Inf Inf 486 810 810 810 486 486 Inf Inf
1405 1405 843 1405 Inf 843 1405 1405 843 Inf
212 Inf Inf 159 212 212 212 Inf 159 265
1 18
2 18
3 18
4 18
5 18
6 18
7 18
8 18
9 19
9 20
9 57
9 78
10 13
10 17
10 21
10 22
10 91
11 14
11 15
12 16
12 23
13 24
14 24
15 24
16 24
17 24
18 25
18 26
18 27
18 28
18 29
18 92
19 30
20 31
20 32
20 33
21 100
23 55
24 34
24 35
24 36
24 37
25 53
25 68
28 80
29 41
30 40
31 38
32 39
34 42
35 47
36 44
37 45
37 49
38 43
39 43
40 46
40 48
41 69
42 50
43 51
43 52
45 63
46 53
48 55
49 54
50 57
51 56
52 79
53 61
54 58
54 59
54 63
54 98
55 60
55 62
56 64
57 66
57 76
57 80
58 65
60 70
61 71
63 67
63 68
63 69
64 72
65 73
67 74
67 78
67 80
68 76
69 75
70 77
70 79
72 81
73 82
74 83
77 84
79 85
81 86
82 87
83 88
84 90
84 91
85 89
85 92
86 94
87 95
88 93
91 96
91 97
91 99
91 100
92 98
-1 -1