20
Inf 507 676 676 Inf
468 780 780 468 Inf
792 1056 1320 1320 1320
670 402 670 670 670
264 352 Inf Inf 264
288 216 Inf 288 288
375 Inf 375 375 300
342 Inf Inf 456 570
1535 1535 1535 1535 1535
288 480 Inf 288 384
267 356 267 356 356
516 516 Inf 516 860
472 354 Inf 354 Inf
316 395 316 237 395
500 500 400 300 300
Inf 588 784 588 588
605 Inf 605 484 484
460 460 Inf 368 460
576 432 576 432 432
1455 1455 1164 873 873
1 11
2 3
2 4
2 5
2 6
2 7
3 11
4 11
6 8
6 10
7 9
7 17
8 11
10 11
10 12
11 13
11 14
11 15
11 16
11 17
12 18
13 20
14 18
14 19
14 20
16 18
16 20
17 19
-1 -1