20
896 672 672 896 672 672
208 Inf 260 208 208 156
884 Inf Inf 663 1105 1105
725 725 725 725 580 Inf
616 Inf 770 770 Inf 616
Inf 366 366 488 488 488
Inf 1912 1434 2390 1912 2390
1135 681 908 1135 1135 908
195 325 260 260 260 Inf
Inf 1002 Inf 1336 1002 1002
328 410 410 410 328 328
508 508 381 381 381 635
297 297 495 495 495 495
1864 1398 Inf 1864 2330 1864
1548 2580 1548 1548 2064 Inf
1239 1239 1239 Inf 1652 1652
1772 1329 1329 1772 1772 1329
360 270 450 Inf 360 270
844 844 633 Inf 633 Inf
1525 1525 1525 915 Inf 1525
1 3
1 4
2 3
2 4
3 5
3 6
3 7
3 8
4 5
4 8
5 9
5 10
5 15
6 11
7 13
8 15
9 12
9 13
9 14
9 16
10 12
10 13
11 12
11 13
11 15
13 17
14 17
16 17
16 18
16 19
16 20
-1 -1