20
905 724 724 724 Inf Inf
400 240 240 400 400 Inf
372 465 465 465 Inf 465
1010 808 606 606 1010 Inf
1000 Inf 1000 600 600 600
148 Inf 148 185 Inf 185
Inf 300 500 300 Inf 400
837 1116 Inf 837 837 1116
284 355 284 Inf Inf 284
1260 756 756 1008 1008 756
195 325 195 260 195 195
1065 1065 1420 1420 1775 1775
1035 828 Inf 828 1035 621
680 544 680 680 544 408
240 240 240 180 Inf 180
723 1205 1205 1205 723 964
195 260 325 325 195 195
708 1180 Inf Inf 708 708
249 415 Inf 249 332 249
210 Inf Inf 126 126 168
1 13
2 13
3 4
3 5
3 6
3 7
3 8
3 9
4 13
5 12
8 10
9 11
10 13
11 14
11 15
11 16
13 17
13 18
13 19
13 20
-1 -1