20
2535 1521 2535 2028 2028 1521 Inf
Inf Inf 544 544 544 544 408
1452 1452 Inf Inf 2420 1452 Inf
2725 Inf 1635 2725 2725 1635 2180
2625 1575 2100 2100 2100 Inf 2100
836 836 1045 1045 627 627 627
Inf 1690 Inf 1014 1014 1352 1014
608 Inf Inf 456 608 Inf 456
Inf 2840 Inf Inf 2272 Inf 1704
63 Inf 84 63 Inf 63 63
730 730 438 438 584 Inf 438
Inf Inf Inf 1392 1392 2320 1856
Inf 456 760 608 760 456 Inf
Inf 310 310 186 186 310 248
880 880 528 704 528 704 528
240 300 Inf 240 300 240 300
Inf 1368 2280 1824 1824 1368 Inf
1300 1300 780 780 780 780 780
260 260 208 Inf Inf Inf 260
1398 2330 2330 Inf 2330 1864 2330
1 10
2 5
3 4
4 10
5 6
5 7
5 8
5 9
6 10
7 10
8 11
9 10
9 12
10 13
10 14
10 15
10 16
10 17
12 18
13 20
14 18
16 19
-1 -1