50
240 240 400 320 320 Inf 400 240 Inf 400
904 678 678 1130 Inf 678 904 904 678 904
1635 1308 1635 1308 Inf 1308 1308 1635 Inf 1635
Inf Inf 180 180 180 180 108 Inf 180 144
Inf 1168 1460 1168 876 876 876 1168 Inf 1460
369 615 492 369 615 492 369 492 369 615
575 345 460 345 345 460 575 Inf 575 575
285 380 285 475 285 285 Inf 285 Inf Inf
910 Inf 728 546 546 910 910 910 546 546
676 676 507 845 845 676 507 507 676 845
423 423 423 705 564 Inf 705 564 423 564
591 Inf 788 Inf 788 985 Inf 985 788 Inf
366 488 610 366 366 Inf 488 610 Inf 366
920 736 552 920 736 552 Inf 920 Inf Inf
555 555 925 740 925 555 925 740 555 925
480 480 600 600 360 360 480 600 480 Inf
580 464 Inf Inf 464 348 464 580 348 464
186 186 310 310 310 310 310 186 248 Inf
Inf Inf 63 63 Inf 105 Inf 63 84 63
Inf 192 192 Inf 320 Inf 256 Inf 320 320
305 305 244 183 Inf 305 305 305 183 305
468 780 468 624 780 Inf 468 624 468 624
320 Inf Inf Inf 192 320 320 192 192 256
Inf 402 402 402 536 402 402 670 402 536
Inf 872 872 1090 654 654 Inf 654 Inf 654
1044 1305 783 Inf Inf 1044 1305 1305 783 783
395 237 237 316 237 237 316 Inf Inf Inf
Inf 805 Inf 805 805 805 805 644 644 483
440 440 330 440 550 440 330 Inf 440 440
Inf Inf 591 591 985 Inf 788 788 985 985
180 225 225 135 180 135 180 Inf 225 225
336 336 448 Inf 448 336 560 560 336 560
108 108 144 144 108 108 180 144 108 Inf
Inf 290 Inf 174 Inf 174 Inf 174 232 232
812 Inf Inf 1015 1015 609 812 609 609 1015
Inf 168 168 210 210 210 126 210 168 126
375 300 Inf 375 375 375 Inf 225 225 225
190 Inf 190 152 152 190 Inf Inf 152 Inf
532 399 Inf 532 665 532 665 532 399 Inf
822 1370 822 1370 1370 822 1370 1096 822 Inf
570 342 570 342 456 342 342 342 Inf Inf
Inf 1300 1300 780 1300 780 1300 1040 1040 Inf
Inf Inf 435 Inf Inf 435 Inf 435 725 435
342 570 Inf 342 456 570 456 456 342 570
724 Inf 724 543 724 905 Inf 543 543 905
240 240 144 192 Inf 192 144 144 144 240
192 144 192 192 240 144 192 240 192 192
312 312 234 Inf 234 234 234 312 312 Inf
668 501 668 835 Inf Inf 668 668 835 Inf
320 Inf 320 320 400 Inf 400 240 240 320
1 15
2 15
3 6
3 7
3 8
3 10
4 9
4 11
5 7
5 12
5 13
5 14
6 15
7 15
8 18
9 16
10 17
10 19
10 22
11 21
13 20
15 23
15 24
15 25
15 26
15 27
16 30
17 31
18 28
19 29
20 32
22 47
25 38
27 37
28 33
29 34
30 35
31 36
33 39
34 40
35 40
38 41
39 42
40 42
40 44
40 45
40 46
41 43
43 47
43 48
43 49
45 50
-1 -1