100
Inf Inf 984 738 984 984 984 1230 984 984 738
Inf 351 585 351 351 468 Inf 351 351 468 585
399 665 665 665 399 399 Inf 532 Inf 399 Inf
Inf 624 468 780 Inf Inf 780 468 468 780 468
650 Inf 650 650 390 Inf 390 Inf 650 390 650
690 414 414 552 Inf 414 414 Inf 414 Inf 690
Inf 1530 Inf Inf 1530 1530 2550 1530 1530 2040 Inf
965 772 772 965 772 Inf 772 965 965 772 Inf
240 Inf 240 400 Inf Inf Inf 240 Inf 320 400
129 172 172 172 Inf 129 172 215 Inf 215 172
104 130 130 78 78 104 78 130 130 130 130
Inf 1620 2700 2160 1620 Inf 2160 2160 2160 2700 2700
Inf 808 606 808 606 808 Inf Inf 606 606 808
Inf 2490 2490 1494 1494 Inf 1494 Inf 1992 1992 1494
462 462 770 770 Inf 770 462 770 616 462 Inf
970 970 776 776 970 582 970 970 582 582 Inf
Inf 848 1060 Inf 636 1060 1060 848 Inf 636 636
Inf 411 685 Inf 411 411 548 411 685 685 685
650 Inf 650 650 520 650 520 520 650 Inf 520
720 432 432 432 432 720 432 576 720 Inf 432
120 120 200 200 120 120 Inf 160 120 120 Inf
1512 1512 2520 2016 Inf 2016 2520 Inf 1512 2520 Inf
Inf 365 Inf Inf 219 365 219 365 219 292 Inf
660 528 396 396 660 528 Inf 528 396 Inf 528
759 759 759 1265 1012 1012 1012 759 759 1265 1012
591 591 788 985 985 788 788 985 985 591 985
Inf Inf 810 1080 Inf 1350 Inf 1350 Inf 1080 810
352 264 264 Inf Inf 352 352 440 440 352 Inf
504 378 630 504 504 Inf 378 504 630 504 504
Inf 1185 1580 Inf 1185 Inf 1185 1580 1580 1975 1975
99 Inf 99 165 132 99 Inf 165 132 99 132
1377 Inf 2295 1836 1377 1377 Inf 2295 2295 1377 2295
1053 1755 1404 1404 Inf 1404 Inf 1053 1755 1404 1404
852 1420 1420 1420 852 852 852 1136 852 1420 852
940 1175 940 Inf 1175 705 1175 940 Inf Inf Inf
489 815 Inf 652 652 652 Inf Inf Inf 489 Inf
306 408 Inf 306 510 510 Inf 408 408 408 Inf
Inf Inf 792 792 792 792 1056 792 792 1320 1056
Inf 195 260 Inf 260 195 195 260 325 195 325
536 Inf 536 402 536 536 536 670 Inf 402 670
Inf 429 572 429 429 715 429 572 429 572 715
1944 2430 2430 2430 1944 2430 2430 2430 2430 Inf 2430
115 115 115 92 Inf 115 115 69 Inf 69 69
224 280 168 Inf 280 224 224 168 168 224 280
2685 2685 2148 Inf 2685 2148 2148 Inf 1611 2685 Inf
1668 2224 1668 Inf 2780 2224 Inf Inf 2224 1668 2780
648 864 648 648 864 648 864 864 648 648 Inf
740 592 Inf Inf 592 Inf 444 592 Inf 444 444
Inf 2595 2595 2076 1557 Inf 2595 2595 Inf 2076 2076
1144 1430 Inf 1144 1430 1144 Inf 858 858 1144 1144
690 1150 Inf Inf 1150 Inf Inf 920 690 920 690
Inf 935 Inf 561 561 561 561 561 935 748 935
Inf 384 640 512 384 384 Inf 512 384 384 512
1611 2685 1611 Inf 1611 2685 2685 Inf 1611 2148 2685
Inf 441 Inf 735 588 735 441 441 735 441 441
472 472 472 354 590 590 472 354 Inf 472 472
204 204 204 Inf Inf 340 Inf 272 340 272 272
1940 Inf 1164 Inf Inf 1940 1552 1164 1940 1552 1940
1232 924 924 924 924 1540 1540 1232 1540 1232 1232
228 228 285 Inf 171 228 285 171 Inf 171 285
328 410 Inf 410 328 Inf 410 328 410 Inf 410
448 560 336 Inf Inf 560 560 448 560 336 560
1047 1396 1396 1745 1396 1047 1047 Inf 1745 1396 1047
436 Inf 436 545 545 327 545 436 327 327 545
380 Inf 475 285 380 Inf 380 Inf 475 475 475
1230 738 Inf 1230 Inf 1230 984 1230 1230 984 984
Inf 92 69 115 69 69 115 Inf 115 69 Inf
152 Inf 152 152 Inf Inf 190 152 Inf 152 Inf
2220 1332 2220 1776 Inf Inf 1776 1332 2220 1332 1332
504 504 840 672 504 840 672 672 840 672 672
Inf 150 120 150 150 150 120 120 150 Inf 150
390 520 Inf 390 Inf 520 390 Inf Inf 390 Inf
207 Inf 207 276 207 276 345 276 345 Inf 345
324 540 540 540 Inf 432 540 432 324 324 324
288 288 288 Inf 384 288 288 480 384 288 384
Inf 1076 Inf Inf 807 1076 1076 1076 1076 Inf 1345
Inf 1545 2575 2060 2575 1545 2575 2575 1545 Inf 2575
676 845 845 507 507 Inf 845 507 507 845 676
Inf 332 Inf 249 332 249 415 415 332 332 332
2208 2208 1656 2208 2760 2208 Inf 2208 2760 1656 Inf
1656 2760 2208 2208 1656 Inf 2760 2760 Inf 2760 Inf
88 110 Inf 66 88 88 110 110 110 110 110
916 Inf 1145 687 687 916 687 Inf 1145 1145 Inf
477 795 Inf 477 477 795 795 Inf 477 795 Inf
2545 1527 Inf 2545 1527 Inf 1527 Inf Inf 2545 2036
Inf 171 285 Inf Inf Inf 285 Inf 228 285 Inf
355 Inf Inf 284 Inf 213 355 Inf Inf 213 355
265 212 265 Inf 212 159 Inf 212 212 159 265
573 955 573 955 573 573 Inf 573 764 955 764
417 417 417 Inf 556 Inf Inf 417 Inf 695 556
909 Inf Inf 1212 909 1212 909 1515 909 1515 909
Inf 472 472 590 590 472 472 472 590 472 472
105 Inf 140 Inf Inf 105 Inf Inf 175 175 140
543 724 Inf 543 905 Inf 543 543 Inf Inf 543
447 596 Inf 447 596 745 596 Inf Inf 447 447
185 148 148 Inf 111 Inf 185 111 111 148 148
148 111 111 111 Inf 111 148 111 148 111 Inf
915 Inf Inf 915 915 Inf 915 915 915 Inf 549
Inf Inf 345 207 276 345 276 345 345 Inf 345
576 768 960 768 Inf 768 576 960 576 768 576
1 37
2 11
3 12
3 18
4 13
4 15
5 14
5 17
5 20
6 10
8 16
8 19
9 21
10 37
11 22
12 26
13 25
15 97
16 23
16 27
18 28
19 89
20 24
21 66
22 37
23 37
24 57
25 32
26 29
27 31
27 35
27 36
27 64
28 30
28 33
28 34
29 37
30 57
31 57
32 39
33 38
33 42
33 43
35 40
36 41
36 44
36 45
37 46
37 47
37 48
37 49
37 55
38 50
39 52
40 51
41 53
41 54
41 56
41 61
46 57
49 63
49 64
49 66
50 60
51 58
52 61
53 59
55 65
56 62
57 67
57 68
57 69
57 70
57 71
57 72
57 73
58 75
59 77
60 76
61 74
67 81
67 82
67 84
71 83
74 78
75 79
76 80
78 86
79 85
80 87
81 88
81 89
82 89
83 91
84 90
85 92
87 94
89 96
90 93
90 95
92 97
94 100
95 98
95 99
-1 -1