100
1077 1077 Inf 1795 1077 Inf 1077 Inf 1077 1795
855 1140 855 855 1140 855 Inf Inf 1140 855
Inf Inf 192 240 192 Inf 240 192 144 192
115 69 69 115 Inf Inf 115 92 115 69
549 549 732 549 915 732 732 915 Inf 915
428 428 428 321 321 Inf 321 428 428 428
1265 759 759 1265 1265 1012 Inf 1265 1012 759
555 740 925 555 555 925 925 Inf 740 740
141 Inf 188 235 141 Inf 235 188 235 235
1136 1420 1136 Inf Inf 852 852 Inf Inf 852
Inf 213 284 213 355 213 Inf 213 284 284
324 Inf 432 324 324 324 432 324 Inf 540
1278 Inf 1704 1704 1278 1704 1704 2130 2130 Inf
1440 1080 Inf Inf 1800 Inf Inf Inf 1080 1080
255 Inf 153 255 204 153 204 Inf 255 204
Inf 2210 Inf 1326 1326 1326 1768 1768 2210 2210
925 740 555 555 555 555 925 740 925 925
Inf 760 Inf 570 Inf 760 760 Inf 950 Inf
1872 1404 1404 1404 1404 Inf 2340 1872 Inf 1404
1551 Inf 2068 2068 2585 Inf Inf 1551 Inf 2068
282 Inf 376 282 376 470 470 Inf Inf Inf
2035 2035 1628 Inf Inf 1221 1221 2035 2035 1221
180 240 300 300 300 240 300 Inf 300 300
1548 2064 1548 1548 2580 2064 2064 2580 Inf 1548
635 Inf 381 381 Inf 381 635 381 635 635
2084 1563 1563 1563 Inf 2605 1563 1563 2084 2605
884 1105 884 1105 663 884 663 884 1105 663
789 789 1052 Inf 789 789 789 1052 Inf 1052
985 591 985 591 788 788 985 985 788 788
376 470 Inf 376 470 376 Inf 470 Inf 376
516 688 688 688 516 860 688 516 Inf 516
408 Inf 408 408 408 544 408 680 408 408
380 380 Inf 475 475 475 475 285 475 380
135 135 81 Inf 108 108 Inf 135 108 135
844 1055 844 633 844 844 1055 633 Inf 633
916 1145 916 1145 687 916 687 1145 916 687
428 428 428 535 535 428 428 Inf 321 535
Inf 417 556 695 417 556 417 695 Inf 417
1045 1045 Inf 627 836 Inf 627 Inf 627 627
Inf 1602 Inf Inf 2136 2670 2670 2136 2670 2136
729 Inf 729 972 729 Inf 729 1215 Inf 972
1605 963 1284 1605 963 1605 963 Inf 963 1605
1425 Inf 1425 1140 1425 Inf 855 1425 Inf 855
1295 777 1295 Inf 777 1295 Inf 1295 1036 1036
996 747 996 996 996 Inf 747 Inf 996 747
415 Inf 332 332 249 Inf 332 415 249 415
Inf Inf Inf 1536 1536 1536 2560 2560 2048 1536
696 1160 696 928 928 1160 696 928 1160 928
1156 1156 1445 1156 1445 1156 Inf 1445 1156 1445
840 672 504 840 504 Inf Inf 504 840 504
100 125 75 125 100 125 100 75 75 100
Inf 429 715 Inf 572 429 429 572 429 715
Inf 417 556 417 Inf 556 556 417 556 695
1425 1900 1900 1900 1900 1425 Inf 1900 2375 2375
325 195 325 195 325 260 195 260 195 325
250 150 250 200 150 Inf 200 Inf 150 200
1744 1744 1744 1744 1744 1744 1308 1308 2180 1744
635 Inf Inf 508 635 508 Inf 381 635 635
745 447 596 596 Inf 447 Inf 447 447 596
2020 2020 2020 1616 1616 Inf 1616 1616 Inf 2020
805 644 483 Inf 483 805 483 483 805 805
1371 1371 1371 Inf 1371 2285 Inf Inf 1828 1371
Inf Inf 112 Inf 112 140 112 Inf 140 112
Inf 588 588 588 Inf 441 Inf 588 735 588
2865 2292 Inf Inf 2865 2865 1719 1719 2292 Inf
780 780 585 Inf Inf 585 780 Inf 975 Inf
1608 1608 Inf 1608 Inf 2010 2010 1206 2010 1608
1080 1350 1350 1350 1350 810 1080 Inf 810 Inf
1445 Inf 1445 1156 867 1445 1445 Inf Inf 867
1140 1140 912 Inf Inf 1140 912 Inf 912 Inf
360 270 360 270 Inf 360 270 450 270 Inf
510 510 850 680 680 Inf Inf 850 850 510
165 275 165 220 165 Inf Inf Inf 220 275
Inf Inf Inf Inf 1875 1875 1500 1875 1875 1875
Inf 264 264 264 264 Inf Inf 198 330 330
150 120 150 120 Inf 90 120 90 Inf 150
600 Inf 600 600 600 450 750 Inf 750 600
3100 3100 Inf Inf 2480 3100 Inf 3100 2480 3100
582 970 Inf 970 Inf Inf 582 Inf Inf 776
252 420 Inf 336 Inf Inf 252 420 252 252
420 336 420 252 336 336 252 420 336 336
532 399 399 399 532 399 665 Inf 399 Inf
Inf 381 508 Inf 635 508 508 508 635 Inf
164 164 123 164 123 123 123 205 Inf 164
Inf 2264 2830 1698 2264 1698 2830 1698 1698 1698
267 267 Inf 445 445 356 267 356 267 267
205 123 205 Inf 205 Inf 205 205 123 123
Inf Inf 399 532 665 665 399 399 399 532
484 484 484 363 484 605 363 363 363 Inf
380 380 475 475 Inf 380 380 Inf 475 475
Inf Inf 880 Inf 528 880 704 528 880 704
645 1075 860 645 645 860 Inf 860 645 860
212 159 Inf 265 159 212 Inf 265 212 265
380 304 228 228 Inf 380 304 Inf Inf 304
1115 892 Inf 892 892 1115 1115 669 669 669
Inf Inf 170 170 102 170 Inf 136 102 102
Inf 930 930 Inf Inf 930 744 930 Inf 930
535 428 535 Inf Inf 428 321 321 535 428
261 435 348 261 Inf 261 348 348 261 435
576 768 768 768 576 960 576 Inf 768 960
1 14
2 14
3 14
4 14
5 14
6 14
7 81
8 81
9 15
10 16
11 32
12 18
12 19
13 17
13 76
13 94
14 20
14 21
14 22
14 23
14 24
14 25
14 26
14 27
14 28
14 31
15 30
16 29
17 33
18 32
19 50
20 34
20 37
21 40
22 81
25 41
28 42
28 72
29 35
30 38
30 43
31 36
32 39
34 44
35 48
36 45
37 47
38 46
38 55
39 52
41 51
42 49
42 50
43 95
43 97
44 53
45 55
46 54
47 56
52 57
52 73
53 58
54 62
55 59
55 60
55 65
56 64
57 61
57 63
58 81
59 67
60 68
61 66
61 72
63 69
63 94
64 70
64 71
66 74
67 75
68 73
70 77
70 93
71 76
71 79
72 78
72 80
73 81
74 82
76 83
76 87
77 86
78 83
78 84
78 85
81 88
81 89
81 90
81 91
82 92
86 94
86 95
87 93
87 96
94 97
94 98
96 99
96 100
-1 -1