100
1824 1824 1824 2280 2280 1824 1824 1824 1368 2280 2280
1475 885 885 885 885 1180 Inf 1180 885 885 1475
2000 Inf Inf 2500 2000 2500 Inf 1500 1500 2500 Inf
Inf Inf Inf 396 396 660 528 528 660 Inf 396
135 135 135 180 180 180 225 135 135 135 135
2068 1551 2585 2585 2585 2068 2068 Inf 2068 1551 Inf
1985 Inf Inf Inf Inf Inf 1191 1191 1191 Inf Inf
Inf Inf 1916 1916 1916 2395 1437 1437 2395 2395 Inf
120 90 90 90 90 90 150 Inf 150 150 150
1056 792 1056 Inf 1320 1056 1320 792 Inf Inf 1056
1545 2060 Inf 2060 Inf 1545 2060 2060 2060 1545 2575
520 520 650 390 650 520 650 520 Inf Inf 390
Inf 264 264 264 352 352 440 Inf 264 352 264
258 430 430 258 258 Inf 258 258 Inf 344 344
702 1170 936 Inf 936 936 936 1170 Inf Inf 936
Inf 332 332 415 415 415 249 Inf 415 Inf 415
100 100 Inf 80 80 60 100 100 80 60 100
Inf 910 728 546 546 546 910 728 546 728 546
1395 1116 1116 1116 Inf 837 Inf Inf 1116 1395 1116
905 543 Inf 543 Inf 905 Inf 724 543 724 724
Inf 488 488 488 610 610 488 610 610 488 366
Inf Inf 84 105 105 63 84 Inf 105 63 105
735 Inf 588 588 735 Inf 735 735 Inf 588 Inf
1119 Inf 1865 1119 1119 1119 1865 Inf 1865 Inf 1119
168 Inf 126 Inf 210 126 Inf 126 Inf 168 126
1908 Inf Inf 2385 1908 1908 1431 1431 2385 Inf 1908
708 885 531 708 531 Inf 885 531 531 531 Inf
420 336 252 336 420 420 336 336 Inf 420 420
Inf 365 219 292 292 365 292 365 219 292 219
99 132 132 165 165 Inf 132 99 99 132 Inf
1500 1875 1500 1500 Inf 1500 1875 1875 1875 Inf 1875
1128 Inf 846 Inf 1128 846 1410 1128 846 1410 1410
1008 Inf 1260 756 Inf 756 1008 1008 1008 1260 1008
944 944 1180 708 Inf Inf Inf 944 1180 Inf 1180
244 305 305 244 Inf Inf 244 244 183 305 183
288 384 Inf 480 384 384 480 288 384 384 288
190 Inf Inf 114 152 114 152 190 190 152 Inf
Inf 1386 1848 1848 2310 Inf 1848 2310 2310 1386 1386
Inf Inf 843 1405 Inf Inf 1124 1124 1405 1124 Inf
556 Inf 417 695 695 Inf 417 417 417 695 417
1900 2375 1900 1425 2375 Inf 1425 1900 1900 Inf 2375
1040 1040 832 Inf Inf 624 832 624 Inf 624 832
1840 Inf 1380 1840 2300 1380 1380 2300 1840 2300 1840
Inf 1668 1668 2085 2085 1668 2085 1251 1251 1251 1251
525 420 Inf 420 420 525 420 Inf 525 420 420
352 264 440 Inf 352 352 264 Inf Inf 352 Inf
248 Inf 186 Inf 248 248 Inf 186 248 310 Inf
126 126 126 126 126 168 210 168 126 168 126
2820 Inf 1692 2256 2256 2256 2820 1692 Inf 2820 2256
185 148 148 148 Inf Inf 111 148 185 111 185
1746 Inf Inf 2910 Inf 2328 Inf Inf 2328 2910 Inf
2200 2200 2200 1320 Inf 2200 1320 1760 1320 2200 Inf
489 489 489 Inf 815 489 652 489 815 815 815
Inf Inf 2595 1557 2595 2076 2076 2595 2595 2076 1557
Inf 772 965 965 965 965 579 772 772 772 579
1185 1185 Inf Inf 1185 948 711 1185 Inf 1185 948
87 145 145 145 145 145 Inf Inf 87 116 116
717 1195 717 717 956 956 717 Inf Inf 956 717
Inf 964 1205 Inf 964 964 Inf 1205 Inf 723 Inf
312 312 416 312 520 520 Inf 312 416 416 520
459 765 459 459 Inf 612 765 459 612 612 Inf
525 525 525 875 700 875 525 700 525 700 Inf
1005 804 1005 603 603 1005 1005 603 603 1005 603
2240 2240 Inf 2800 2240 2240 Inf Inf 1680 2240 Inf
Inf 904 904 Inf Inf 1130 904 904 678 678 678
1070 642 642 Inf Inf 642 1070 642 642 856 Inf
336 252 420 252 336 420 420 336 420 252 336
2370 1422 1422 2370 2370 1422 Inf 1422 2370 Inf 1422
835 Inf 835 501 668 501 501 Inf Inf 668 835
1848 1848 2310 1386 2310 1848 2310 1386 2310 1848 2310
310 310 248 Inf 186 310 186 310 310 310 248
2275 Inf 1820 1820 1365 1365 Inf 1820 2275 1365 1365
275 165 220 220 Inf Inf 275 Inf Inf 275 275
605 363 484 363 484 363 Inf 605 Inf 363 484
645 645 Inf 516 516 516 516 516 387 516 Inf
980 784 980 980 588 Inf Inf Inf 588 588 980
855 Inf 855 855 855 684 855 513 684 684 513
800 800 800 600 1000 600 800 600 600 800 Inf
1332 1332 999 1665 1665 999 Inf 999 1665 1332 999
Inf 153 153 255 204 204 153 153 204 Inf Inf
2625 2100 2625 2100 2100 Inf 2625 Inf 1575 2100 2100
Inf 2810 1686 2248 2810 2810 2248 2248 1686 1686 2810
1145 1145 1145 916 687 916 687 916 687 1145 687
865 519 519 865 Inf 519 692 865 692 692 519
345 460 345 460 345 345 345 Inf 460 575 575
355 213 355 Inf 355 Inf 355 Inf 284 213 284
2420 3025 Inf 1815 3025 1815 2420 1815 1815 2420 3025
360 360 216 216 360 360 288 Inf 216 288 288
760 456 608 608 Inf 608 608 760 608 456 Inf
2032 2032 2032 2032 2032 1524 1524 2032 1524 Inf 2540
369 369 369 369 492 Inf 369 492 369 492 369
108 144 180 Inf 108 Inf 144 Inf Inf 180 Inf
Inf 1652 1239 1652 Inf 2065 2065 1239 2065 Inf 2065
774 1032 1032 774 1032 1032 1290 1032 774 1290 1032
560 Inf 448 448 Inf 336 336 336 448 560 336
Inf 369 492 Inf 615 615 615 369 492 615 Inf
1055 844 844 1055 1055 1055 844 1055 1055 633 844
Inf Inf Inf 936 Inf 1248 1560 Inf 1560 936 1248
355 355 284 284 Inf 355 355 284 284 213 355
Inf 1280 768 Inf 768 768 Inf 768 Inf 1280 Inf
1 10
2 10
3 10
4 10
5 10
6 12
7 11
8 13
8 14
8 16
9 15
9 17
10 18
10 19
10 20
10 21
10 22
10 23
10 24
10 25
10 26
11 27
12 29
13 28
16 45
17 30
17 80
19 33
19 35
22 34
24 77
24 78
24 83
26 79
27 31
28 32
31 84
32 37
32 39
32 41
33 55
34 36
34 40
35 38
36 84
37 43
37 44
39 42
39 45
40 46
42 84
43 47
43 48
43 50
43 53
43 54
44 49
45 52
46 51
47 84
48 56
49 57
50 55
50 58
51 59
51 62
51 63
52 60
53 61
53 64
54 72
55 84
56 68
57 68
58 66
59 67
60 65
60 71
60 72
61 69
61 70
62 77
64 73
65 75
66 78
67 74
68 80
68 82
68 83
69 76
69 79
70 77
73 81
74 84
75 86
76 87
77 85
78 88
78 89
84 90
84 91
84 92
84 93
84 94
84 95
84 99
84 100
85 96
86 97
87 97
89 98
-1 -1