100
Inf 471 628 628 Inf Inf 785 628 785 785 Inf
165 220 220 165 220 Inf 275 220 165 Inf 275
376 470 470 470 470 376 376 282 470 470 Inf
604 755 755 Inf Inf 755 Inf 755 755 Inf 604
96 96 160 160 Inf 96 160 128 96 160 128
690 690 Inf 414 552 552 690 690 552 690 414
440 352 264 352 264 352 440 264 352 440 264
175 105 175 Inf 140 Inf Inf 175 105 140 105
140 Inf 105 105 175 105 105 105 105 140 105
344 258 Inf 344 430 344 258 344 258 430 344
453 604 Inf 755 604 453 Inf 453 Inf 604 604
464 Inf 580 Inf 348 348 580 580 Inf 464 348
327 436 545 545 436 545 327 545 327 545 327
Inf 425 255 Inf 425 425 425 425 255 425 Inf
456 456 456 342 Inf 456 342 342 342 Inf Inf
270 450 360 360 360 450 Inf Inf 450 270 270
585 780 975 780 585 585 975 585 780 585 Inf
252 420 252 252 252 Inf 336 420 420 420 252
528 880 704 880 880 880 880 704 880 880 704
496 620 372 Inf 496 620 496 372 496 Inf 496
693 Inf 924 Inf Inf 1155 1155 693 924 693 693
600 800 1000 600 600 800 1000 800 1000 Inf 1000
1264 1264 948 948 948 1580 1264 948 1264 948 1580
616 616 770 Inf Inf 770 462 770 462 462 Inf
198 330 Inf 198 Inf 330 330 330 198 Inf 330
1105 663 1105 Inf 663 Inf 1105 884 Inf 884 663
645 645 1075 645 860 645 Inf 860 1075 1075 645
414 690 552 414 552 690 414 Inf 414 690 414
615 492 615 Inf 615 615 Inf 492 369 615 492
Inf 992 992 992 992 1240 Inf 1240 744 744 992
Inf 600 Inf 600 Inf Inf 600 750 Inf Inf 750
Inf 1040 780 1300 780 780 Inf 1040 Inf 1040 1040
663 663 884 663 663 884 1105 884 884 1105 663
1220 732 732 976 1220 1220 976 976 Inf Inf Inf
105 105 84 63 84 63 63 63 Inf 105 84
445 267 356 445 Inf 267 Inf Inf 445 356 356
Inf 501 835 835 835 668 835 Inf 501 668 Inf
Inf 536 402 536 536 536 Inf Inf 536 670 670
105 140 140 140 105 140 175 105 140 175 140
165 Inf Inf 165 220 275 220 Inf 220 Inf 275
740 Inf 555 555 555 555 740 925 555 925 925
177 236 177 236 236 Inf 236 295 236 236 236
504 504 672 Inf 672 672 504 672 672 504 672
Inf 435 348 261 348 261 261 261 435 348 435
168 168 168 280 Inf 280 280 280 280 168 224
380 285 285 475 285 475 285 380 380 475 285
1650 1320 1320 990 Inf 1320 1650 990 1320 1320 1320
272 Inf 272 340 Inf Inf 204 204 272 340 340
Inf 212 212 Inf 212 265 159 159 159 Inf 159
Inf 680 408 544 Inf Inf Inf 544 408 408 Inf
670 670 536 402 402 670 Inf Inf 402 536 536
75 Inf 125 125 Inf 125 75 Inf 100 75 75
279 465 465 279 Inf 465 465 372 Inf Inf Inf
474 632 790 632 Inf 790 474 Inf 474 474 632
570 342 456 Inf 342 342 Inf 570 Inf 342 Inf
184 230 230 Inf 184 138 138 184 138 230 184
Inf Inf 216 216 360 216 Inf 216 288 Inf 216
475 380 285 475 285 285 Inf 475 Inf 380 380
670 536 670 670 536 536 402 670 Inf Inf 670
390 Inf 390 390 234 234 234 234 Inf 234 390
796 Inf 597 995 597 597 597 796 796 995 796
288 288 Inf Inf 384 288 288 384 Inf 480 480
243 Inf 405 324 243 324 Inf 324 405 Inf 243
Inf 381 Inf 508 635 381 508 Inf Inf 635 Inf
Inf Inf 820 820 492 Inf 492 656 Inf 820 820
1220 Inf 1220 Inf 1525 1525 1220 1220 1220 1525 1220
765 Inf Inf 1020 1275 Inf 1275 1275 Inf 765 1020
Inf 580 580 Inf 580 580 580 464 348 Inf 580
375 300 225 300 Inf 225 225 375 225 375 225
Inf 351 468 468 351 585 585 351 351 585 Inf
477 795 Inf 795 795 Inf Inf Inf 636 477 477
1130 904 904 Inf 904 Inf 904 904 904 904 Inf
444 555 555 Inf 333 444 Inf 333 333 555 333
1700 Inf Inf Inf 1020 1020 1700 1700 1700 Inf 1360
Inf Inf 444 740 Inf 444 740 444 444 592 740
255 153 204 Inf 204 153 Inf 255 153 255 255
555 925 925 740 555 555 Inf 925 925 Inf Inf
942 Inf Inf 1570 Inf 1570 1570 Inf 1570 1256 1570
378 630 Inf Inf 630 378 630 504 504 504 504
Inf 764 955 955 764 764 573 764 573 764 764
Inf Inf 955 764 764 Inf 573 764 955 573 Inf
945 567 945 Inf 567 Inf 567 Inf 756 945 567
297 495 396 396 396 Inf 297 297 297 495 297
436 Inf 327 545 327 436 545 436 436 327 545
700 Inf 700 560 700 560 Inf 560 560 700 700
465 465 775 620 Inf 620 620 620 465 775 620
726 1210 1210 968 1210 726 Inf 968 1210 726 968
261 435 348 348 435 261 435 Inf 261 435 348
Inf 357 595 Inf Inf 357 595 476 357 357 357
141 Inf 188 188 188 141 235 141 Inf Inf 235
255 Inf 204 Inf 153 204 255 204 255 204 204
Inf Inf 603 603 603 Inf 1005 603 1005 1005 1005
Inf Inf 570 Inf 760 570 950 760 570 760 Inf
372 Inf 372 Inf 372 620 496 Inf 620 372 496
Inf 123 205 123 Inf Inf 164 164 164 Inf 123
252 315 Inf Inf 189 189 252 252 189 Inf 252
980 980 980 1225 Inf 1225 Inf 1225 1225 735 980
860 860 516 Inf 688 516 Inf 860 860 860 860
1105 1105 884 663 1105 Inf 1105 Inf 1105 1105 884
660 880 Inf 660 880 Inf 880 Inf 880 660 1100
1 16
2 16
3 16
4 11
5 12
6 13
6 14
7 8
7 9
7 10
7 15
8 16
9 16
10 16
11 18
12 17
12 20
13 21
13 23
15 19
15 22
16 24
16 25
16 26
16 27
16 28
16 29
16 30
16 31
16 32
16 33
17 35
18 34
19 36
19 37
21 39
23 38
24 46
26 45
27 41
33 44
34 42
35 40
36 43
40 78
41 78
42 47
43 48
44 49
44 51
44 54
45 52
45 53
46 50
46 55
46 56
47 57
48 58
49 59
50 61
52 62
55 63
56 60
56 64
57 66
58 65
59 65
60 67
61 68
63 69
63 70
65 78
66 73
67 74
68 72
68 75
68 76
68 77
70 71
71 78
72 78
73 80
74 79
76 81
76 83
77 82
78 84
78 85
78 86
78 87
78 88
79 90
80 89
80 91
81 93
82 94
83 92
87 99
89 95
90 97
91 96
92 98
92 100
-1 -1