50
292 292 292 Inf 365 365 219 365 Inf 365 219
625 625 625 Inf Inf 375 625 375 375 375 500
860 688 688 688 516 Inf Inf 688 688 Inf 860
174 174 Inf 174 232 232 290 Inf 290 290 174
556 417 695 417 556 417 556 Inf 417 695 417
Inf Inf 455 273 273 Inf 364 Inf 273 455 455
830 664 830 498 830 830 830 664 Inf Inf 830
304 228 228 304 Inf 228 304 Inf 380 304 Inf
840 Inf 630 630 Inf Inf 840 630 630 Inf 840
348 348 464 464 348 Inf 464 464 464 Inf 464
Inf 216 360 288 216 216 Inf 360 216 360 Inf
Inf 609 609 Inf 1015 812 1015 609 812 1015 812
705 705 423 423 705 705 Inf 705 423 Inf 564
475 380 475 380 475 285 Inf 475 285 Inf 285
768 Inf 1280 1280 1280 1280 768 768 1024 768 768
Inf 525 525 525 315 Inf 420 525 315 Inf 420
Inf Inf 1090 872 1090 654 1090 1090 654 872 872
876 1460 1460 Inf Inf Inf 1168 1168 1460 1460 Inf
725 580 435 725 435 725 580 435 580 Inf 580
279 372 Inf Inf 465 465 279 Inf 372 279 372
665 399 532 399 399 665 Inf Inf 665 Inf 665
Inf Inf 955 Inf 955 573 Inf Inf Inf 573 764
310 186 Inf 248 310 248 Inf Inf 248 Inf 248
312 Inf Inf 520 416 520 416 520 520 416 Inf
304 228 Inf 228 304 Inf Inf Inf Inf 304 228
676 845 845 507 845 676 845 676 Inf 507 Inf
Inf 753 1004 1255 753 Inf 753 1255 1255 Inf Inf
594 990 990 792 594 Inf 990 Inf 792 Inf 792
777 777 777 1295 1036 777 1036 Inf 1036 1295 Inf
Inf 592 Inf Inf 740 444 444 Inf 740 740 592
728 910 910 910 910 546 728 546 728 910 Inf
260 260 260 156 Inf 260 Inf 260 208 208 260
880 704 528 528 Inf 704 880 704 528 704 Inf
628 785 785 471 471 785 Inf 628 471 Inf 628
309 412 Inf 412 412 Inf 515 515 412 515 515
Inf Inf 1110 Inf 888 888 1110 888 1110 666 888
Inf 292 Inf 365 292 292 219 Inf 219 219 292
Inf Inf 430 344 Inf 430 258 258 344 430 430
792 990 990 Inf 792 Inf Inf 792 990 990 990
Inf 764 573 Inf 764 955 764 Inf 764 573 955
156 Inf 195 156 Inf 117 156 Inf 195 156 195
636 636 Inf 477 Inf 636 636 477 636 477 Inf
552 552 920 736 736 736 736 920 736 920 Inf
657 Inf 657 876 876 657 Inf 1095 657 657 657
196 Inf 196 196 245 245 196 245 245 147 Inf
Inf Inf 444 592 Inf Inf 444 Inf 592 592 592
549 915 549 915 915 Inf 915 915 732 915 732
1140 Inf 1140 684 684 684 1140 684 684 1140 684
Inf 489 Inf 652 Inf Inf Inf 815 652 489 815
Inf 135 81 135 108 108 135 135 81 108 81
1 33
2 8
2 9
4 11
4 38
5 10
5 30
6 7
7 33
8 13
9 12
9 14
9 15
9 17
11 12
11 16
12 33
13 18
14 19
14 21
15 23
15 30
15 32
16 24
17 20
17 22
18 27
19 28
20 26
20 31
21 29
21 30
21 32
22 25
22 44
23 31
23 48
25 33
26 34
27 37
28 35
29 36
30 38
31 49
33 39
33 40
33 41
33 42
33 47
34 44
35 45
36 43
37 45
37 46
37 47
38 48
43 49
46 50
-1 -1