50
84 105 63 63 84 84 84 105 Inf 84 105
Inf 1285 Inf 1285 1028 771 771 1028 1285 771 1028
549 732 915 549 732 915 Inf 915 549 549 Inf
295 177 177 177 295 Inf 236 295 236 236 236
252 252 336 252 252 252 420 420 336 336 Inf
570 456 570 342 342 570 570 570 570 570 456
1205 723 1205 Inf 964 1205 964 964 Inf 723 964
Inf 147 245 245 147 147 196 196 Inf Inf 196
565 Inf 339 565 452 Inf Inf 452 565 Inf 565
Inf 321 535 535 428 Inf Inf Inf Inf 535 535
204 255 204 255 204 255 Inf 255 153 Inf 204
429 429 429 572 Inf 572 572 715 572 715 572
816 Inf 612 816 Inf 1020 1020 816 612 612 816
84 Inf 84 Inf 105 84 Inf 63 84 Inf 63
504 Inf 378 Inf 630 Inf 378 Inf 378 504 630
655 655 524 393 Inf 524 655 524 655 393 524
155 93 155 93 93 124 124 124 155 93 124
255 Inf 340 425 Inf Inf 425 Inf 255 255 425
420 560 420 Inf Inf 700 560 700 560 420 420
360 450 270 450 Inf 450 450 360 Inf Inf 450
399 Inf 665 665 665 399 532 665 Inf 399 399
348 580 348 580 348 Inf 348 464 580 580 348
174 232 174 174 290 174 174 290 Inf 232 232
940 940 940 752 752 940 940 752 752 Inf 940
Inf 832 832 832 832 624 832 1040 1040 832 624
230 184 138 138 Inf 138 Inf 138 230 230 Inf
Inf 315 315 252 189 189 189 Inf 252 Inf Inf
Inf 332 415 332 249 415 332 415 249 Inf 332
525 525 315 315 525 420 Inf 315 525 Inf 420
204 272 204 Inf 272 340 204 340 Inf 272 340
642 856 642 Inf 642 1070 Inf 1070 642 856 1070
Inf 900 720 Inf 540 720 900 720 720 720 Inf
432 576 576 Inf 432 720 432 720 432 576 720
835 Inf 668 835 835 501 501 501 668 835 501
351 Inf 585 585 585 351 Inf 468 468 468 585
375 500 625 500 625 625 Inf 375 Inf 375 375
114 Inf 152 114 152 190 190 190 190 152 Inf
204 340 340 340 204 204 272 340 Inf 340 272
Inf 297 396 495 396 Inf 396 297 Inf Inf 495
724 Inf 543 724 724 905 543 724 Inf 724 Inf
Inf 231 Inf 308 308 Inf 308 231 231 231 231
796 995 995 796 597 796 796 796 796 597 995
69 92 115 69 92 115 115 Inf 115 69 69
396 528 660 396 528 Inf Inf 660 528 528 528
636 636 1060 636 1060 636 636 848 Inf 1060 Inf
795 Inf 795 1060 Inf 795 795 Inf Inf 1325 1325
316 316 237 395 Inf 316 Inf Inf Inf Inf Inf
Inf 219 292 365 292 219 Inf Inf 292 219 Inf
Inf 128 Inf 96 128 96 160 Inf 96 96 96
Inf Inf 864 Inf 1080 648 648 864 648 Inf Inf
1 29
2 29
3 29
4 9
5 10
5 15
6 20
6 47
7 12
7 14
7 15
8 11
8 13
8 25
8 42
9 18
10 16
11 17
13 22
15 19
15 20
15 21
16 23
17 24
18 27
19 48
20 25
21 26
21 28
23 29
24 31
25 30
27 32
29 33
29 34
29 35
29 36
29 37
30 38
33 39
33 41
37 42
37 43
38 40
39 44
40 45
41 46
42 48
42 49
42 50
43 47
-1 -1