100
736 552 736 552 736 552 736 552 Inf 736 736
1404 Inf 1872 1872 2340 1872 1872 Inf Inf 2340 Inf
1020 Inf Inf Inf 612 1020 816 1020 612 612 1020
351 468 468 Inf 585 468 585 468 468 Inf 585
1434 1434 2390 1434 Inf 1912 1434 2390 1912 1912 2390
1332 1332 1776 1332 Inf Inf Inf 1776 Inf 2220 1776
565 452 452 565 452 339 339 565 565 565 339
2705 Inf 2164 Inf 2705 2164 1623 Inf 2164 2705 1623
130 104 104 78 130 130 104 104 78 130 130
Inf 356 Inf 356 Inf Inf Inf 356 445 Inf 267
2215 2215 1329 2215 1329 1329 1329 2215 1329 1772 1329
640 384 Inf 512 Inf 512 512 640 640 512 640
177 236 236 295 177 295 236 295 236 177 295
400 400 240 400 240 240 Inf 240 400 240 Inf
90 90 150 90 Inf Inf Inf 150 150 90 Inf
992 744 992 1240 992 744 744 992 992 Inf 744
309 309 Inf 412 Inf 412 Inf 309 412 309 309
1725 2875 1725 2300 2875 2300 2300 1725 1725 2875 Inf
365 292 292 365 Inf 365 Inf 292 292 219 292
2272 1704 2272 2840 Inf Inf 2840 Inf 2840 2272 2272
Inf 234 Inf 234 390 312 Inf 390 Inf 234 234
Inf 2800 Inf 1680 1680 1680 1680 Inf 2800 Inf 1680
940 Inf 940 564 564 Inf Inf 564 564 Inf 564
Inf 1010 Inf Inf Inf 606 1010 808 808 Inf 808
2040 1530 1530 2550 1530 2040 1530 Inf 2550 2550 2550
232 290 Inf 174 232 174 Inf 232 232 290 Inf
Inf Inf 507 Inf 507 845 Inf 845 507 676 507
816 Inf 1360 Inf 1360 1088 1088 1360 1088 Inf Inf
Inf 1732 1299 1299 Inf 2165 1299 2165 1299 2165 1299
520 650 390 520 650 650 520 390 650 390 520
1310 1048 786 786 1048 786 786 Inf 1310 1310 1310
354 472 590 472 590 Inf 590 354 472 590 354
381 508 381 635 Inf 508 381 381 Inf 635 381
699 1165 1165 1165 1165 932 932 932 699 932 1165
1256 1570 1256 1256 1570 Inf Inf 1256 1256 Inf Inf
396 396 Inf 528 660 528 528 396 Inf 396 660
468 585 468 585 585 468 Inf 468 468 Inf 468
885 885 Inf 885 1475 Inf Inf 1180 1180 885 Inf
352 264 440 440 264 352 352 Inf 440 440 440
236 295 295 236 177 Inf Inf 177 177 177 295
775 Inf 465 620 465 Inf 620 775 775 465 620
Inf 2272 2272 1704 2272 2272 Inf 2840 2272 Inf 2840
1251 1668 2085 1251 2085 Inf 2085 Inf 1668 Inf 1668
Inf 740 740 925 555 555 925 Inf 925 Inf 925
Inf 1056 792 1056 1320 1056 1056 792 1320 Inf Inf
1136 852 852 1136 Inf 1136 852 Inf 852 852 1136
200 160 200 200 Inf 200 160 Inf 120 120 200
2080 2080 1248 Inf 1248 1664 2080 1664 2080 Inf Inf
801 Inf 801 Inf 801 Inf 1068 Inf 801 1335 Inf
Inf 412 309 515 Inf Inf 309 412 412 515 515
Inf 510 510 306 306 Inf Inf 306 510 510 408
Inf 632 632 474 Inf 474 632 790 Inf 632 632
255 255 204 204 Inf 153 204 Inf 255 153 255
Inf 1232 1540 1540 Inf 924 1540 Inf 1232 1232 1540
2140 1712 2140 1712 1284 Inf 1712 2140 Inf 1284 1712
801 1335 1068 801 1335 1068 801 1068 1068 1335 801
543 724 724 Inf 905 724 543 543 724 543 724
1475 1180 885 1180 1475 1475 1180 885 885 1180 Inf
430 258 344 258 258 344 Inf Inf Inf Inf 430
1265 1012 1265 759 1012 1012 Inf 1265 1012 1265 1265
1868 2335 1401 2335 Inf 2335 1401 1401 Inf 1868 2335
908 908 1135 1135 908 908 908 1135 Inf 681 1135
885 885 885 708 885 708 885 885 Inf 531 708
276 207 276 276 276 207 Inf 207 276 345 276
201 Inf 268 268 201 201 268 201 201 268 268
525 315 525 Inf 525 315 525 525 315 315 420
1705 1705 1364 Inf 1364 1364 1023 1364 1023 1364 1023
1239 2065 Inf Inf 2065 1239 2065 2065 2065 1652 Inf
294 Inf 392 392 294 294 490 490 294 294 392
480 480 360 600 360 600 600 480 360 360 Inf
836 836 Inf 627 1045 1045 836 Inf 627 836 Inf
Inf 260 325 195 325 195 Inf 325 195 260 Inf
Inf Inf 1460 1168 Inf 1460 1168 1168 1168 1460 1168
303 404 303 404 404 404 505 303 404 404 505
916 Inf Inf 916 916 1145 1145 Inf 1145 916 1145
Inf 1302 2170 1736 Inf 2170 1302 Inf 1302 1736 1736
436 436 436 436 436 327 545 Inf Inf Inf Inf
636 Inf 636 795 Inf 795 477 477 477 795 636
3130 3130 1878 Inf 1878 2504 Inf 3130 1878 3130 1878
Inf 1280 1600 1600 1600 1280 1600 1280 1600 Inf 960
972 729 1215 Inf Inf Inf Inf 972 Inf 972 972
2020 Inf Inf 2020 2020 2020 2525 1515 2020 2020 Inf
2176 2720 2720 2176 2720 2176 1632 2176 1632 2176 2720
Inf 777 Inf 1036 1036 1295 1036 777 Inf 1295 777
Inf 200 200 200 160 120 120 200 Inf Inf Inf
450 600 750 750 600 750 750 750 Inf Inf 450
575 345 Inf 345 575 Inf 460 345 Inf 345 460
Inf 1232 924 Inf Inf 1540 1232 1540 1540 Inf 1232
1375 1375 1100 825 1100 Inf 1375 Inf 1375 1100 Inf
124 124 93 155 124 155 93 155 124 155 124
687 916 687 Inf 687 687 916 687 687 916 Inf
Inf 573 573 573 764 764 573 955 573 955 573
1232 924 1540 924 924 924 924 924 1540 1540 Inf
700 Inf 525 700 525 700 Inf 700 700 875 875
Inf 1220 1220 1525 1220 Inf 915 1525 915 1220 915
1144 1430 858 858 1430 1430 1144 1430 1144 1144 858
495 297 396 495 495 495 495 297 Inf 396 495
366 610 366 488 Inf 366 610 366 488 Inf 366
1320 Inf 1650 1320 Inf 1320 1650 1650 1650 1650 1320
365 219 365 219 Inf 292 219 Inf 219 219 Inf
1 49
2 8
3 9
3 10
3 12
3 13
4 100
5 7
5 11
6 14
6 56
7 49
8 17
9 15
10 16
11 18
11 22
12 19
13 20
13 21
15 25
16 28
17 27
18 24
18 26
21 23
21 30
22 29
23 86
24 86
25 33
26 34
27 35
28 37
28 38
28 40
29 31
29 32
29 36
29 39
29 41
31 49
32 49
33 43
34 42
35 48
36 45
36 47
37 44
38 75
41 46
42 49
43 53
44 50
44 51
45 52
46 54
47 55
48 56
48 57
49 58
49 59
49 60
49 61
49 62
49 66
50 86
51 63
52 64
53 65
54 68
55 72
55 74
56 67
56 73
59 73
60 72
62 74
62 75
63 71
64 69
68 70
69 86
70 86
71 77
72 78
72 79
72 83
73 80
74 82
75 76
75 81
75 84
75 85
76 86
77 88
78 87
79 90
79 92
83 89
84 91
84 100
86 93
86 94
86 95
86 96
87 97
88 98
89 100
91 99
-1 -1