20
244 244 183 305 244 244
Inf 1145 916 Inf 1145 687
796 796 Inf 796 796 597
282 Inf 376 282 470 470
120 120 120 72 72 120
475 285 285 380 380 Inf
Inf 501 501 501 668 501
Inf 1110 666 Inf 1110 888
492 Inf 656 492 820 820
Inf 988 741 741 741 Inf
Inf 415 Inf 249 Inf 415
352 264 352 264 Inf Inf
444 Inf 444 555 555 333
189 252 189 Inf 252 Inf
1390 1112 1112 834 Inf 1112
715 Inf 429 Inf Inf 429
608 760 760 Inf 456 Inf
645 645 1075 860 Inf 860
680 544 Inf 680 544 Inf
412 Inf Inf Inf 412 412
1 4
1 7
2 3
2 5
2 6
2 9
4 8
4 16
5 8
7 9
8 10
8 11
9 12
9 13
11 15
11 17
12 14
12 19
13 14
13 15
14 16
14 17
15 18
15 19
15 20
-1 -1