100
250 250 250 200 150 200 150 200 150 Inf Inf
1590 Inf 954 Inf 1590 1590 1590 1590 1590 1590 954
321 535 Inf 321 Inf 321 Inf 535 321 428 321
729 1215 729 1215 Inf 729 972 972 Inf Inf 972
Inf 438 730 Inf 438 584 438 Inf Inf 730 730
520 Inf 312 312 Inf 416 312 Inf Inf 520 416
2430 2430 1944 1458 2430 2430 1458 1944 1944 1458 1944
834 834 Inf 1112 1390 Inf 1390 1112 1112 1112 1112
216 Inf 270 162 Inf 270 270 216 216 216 162
300 240 300 180 300 300 300 Inf 180 Inf 300
1131 1885 Inf 1508 Inf 1508 1885 1885 Inf Inf 1131
687 687 916 687 916 916 916 916 Inf Inf Inf
Inf 336 560 560 448 448 336 560 Inf Inf 448
Inf 168 224 280 224 224 280 224 Inf 168 280
Inf Inf 530 530 318 Inf 530 318 Inf 424 318
Inf 162 216 216 216 270 162 Inf Inf Inf Inf
836 627 836 836 1045 836 Inf 836 Inf 836 836
402 536 Inf 402 402 402 402 402 Inf 402 536
Inf 115 92 92 69 69 69 Inf 115 69 115
1494 1992 Inf 1494 1992 1494 2490 1494 Inf 1494 Inf
1165 699 1165 Inf 932 Inf 1165 932 1165 699 932
Inf 1100 Inf 660 Inf Inf 1100 1100 880 880 1100
225 375 300 300 300 300 Inf Inf 375 300 300
1948 1948 1461 1948 1461 1948 Inf Inf 2435 1461 1461
1566 1566 Inf Inf 2610 1566 2610 2088 1566 Inf Inf
416 520 312 416 416 416 416 520 Inf 312 416
1450 1160 Inf 1160 870 1160 1160 1160 1450 1160 870
1325 795 1325 795 1060 1060 795 795 795 1060 1325
512 384 512 512 384 384 512 640 384 512 512
2045 Inf 2045 1636 2045 2045 1636 1636 1227 Inf Inf
1925 1155 1155 1540 1925 Inf 1540 1155 1540 Inf Inf
252 Inf 315 189 315 189 189 252 Inf Inf 315
Inf Inf 1077 1795 1436 Inf 1436 1436 1077 1795 Inf
1593 Inf 2124 1593 Inf 2655 1593 1593 1593 1593 2124
695 417 556 695 556 417 417 695 556 695 695
630 630 1050 840 840 630 1050 630 840 1050 630
1185 948 Inf 711 711 1185 948 1185 1185 948 1185
250 200 150 150 200 250 200 200 150 200 200
1230 Inf 738 738 738 738 984 Inf 984 738 1230
954 Inf 954 Inf 1272 Inf 1590 1590 Inf Inf 954
1055 844 1055 633 633 844 Inf 844 Inf 633 633
868 1085 Inf 868 651 868 Inf 1085 868 1085 651
Inf Inf 420 420 420 420 Inf 525 Inf 420 420
426 568 568 Inf 568 568 710 710 426 568 Inf
248 Inf Inf 186 Inf 248 310 Inf 186 310 186
1605 1284 1284 1284 1284 1284 1284 1605 963 1605 1605
1551 2585 Inf 1551 2068 2068 1551 1551 Inf 1551 Inf
Inf 596 447 596 447 596 596 596 596 Inf 596
552 414 552 552 414 690 552 690 414 552 414
Inf 1422 2370 1422 2370 2370 1422 2370 1896 Inf Inf
755 755 Inf 604 604 755 453 453 Inf 604 Inf
490 294 Inf 392 392 490 Inf 294 490 392 392
Inf Inf 1270 1016 1270 1270 1270 Inf Inf 1016 Inf
360 600 480 360 Inf Inf 360 480 600 480 Inf
Inf 735 735 1225 735 1225 735 980 735 735 735
Inf 1948 Inf 1948 2435 Inf 1461 1461 1461 1461 1461
100 100 100 Inf 100 Inf 125 100 75 75 125
1015 Inf 1015 812 812 Inf 609 609 609 812 1015
420 525 420 420 420 525 525 525 Inf Inf 420
2510 Inf 2510 2008 2510 2008 2008 Inf Inf 2008 2008
1495 Inf 1495 897 1495 1495 1495 1196 1196 Inf 1495
1205 1205 Inf 1205 964 964 1205 Inf Inf 723 1205
Inf 1940 1940 2425 1940 Inf 1455 2425 Inf 1940 Inf
1329 Inf 1329 2215 1329 2215 Inf 2215 Inf 2215 1772
1671 2785 2228 2228 Inf 2785 Inf 2228 Inf Inf 2785
724 Inf 724 724 543 Inf 543 724 905 724 543
1004 Inf 1004 Inf 1004 1255 1255 753 1255 1004 Inf
480 800 480 480 640 480 480 640 800 480 480
195 260 195 325 Inf 260 260 260 195 325 325
186 248 Inf Inf 310 Inf 248 Inf 248 186 Inf
1059 1059 1765 Inf 1765 1412 Inf 1059 Inf 1059 1059
1968 1968 1476 1476 1476 1476 2460 2460 1476 Inf 1476
684 912 912 Inf 684 684 Inf Inf 912 912 912
910 910 910 728 910 910 728 Inf Inf 546 910
Inf 400 400 400 300 500 400 Inf 400 Inf 300
1204 1204 1204 Inf 903 903 903 903 1204 Inf 1204
750 450 Inf Inf Inf Inf 750 Inf 450 Inf 600
335 335 Inf 335 268 268 201 335 335 201 268
3030 3030 Inf Inf 2424 Inf Inf Inf Inf 1818 3030
Inf Inf 222 296 222 222 Inf 370 296 296 296
1355 1355 1355 813 1355 1355 1355 813 813 1084 1355
170 102 136 Inf 102 102 102 102 170 136 136
2028 Inf 2028 Inf 2028 1521 Inf 2028 2028 1521 2028
1296 1296 1296 972 1620 Inf 1296 Inf 972 Inf 1296
426 710 Inf Inf 568 568 710 Inf 426 Inf Inf
840 840 1120 Inf 1400 Inf 1400 840 Inf 1400 1120
1975 1580 Inf 1580 1580 1580 1975 1580 1185 1580 1185
408 Inf 680 Inf Inf Inf 544 680 544 408 680
125 100 75 Inf 75 Inf 75 100 100 100 100
304 380 304 380 Inf 228 Inf Inf 228 380 304
Inf 1038 1730 1384 1384 1038 1730 1038 1730 1730 1730
1010 1010 606 1010 808 1010 1010 Inf Inf 1010 606
2016 2520 2016 1512 2016 1512 2520 2016 1512 1512 2016
672 672 896 1120 672 1120 1120 1120 896 672 1120
309 412 Inf 515 515 412 Inf 309 515 515 412
1076 807 1076 1345 Inf 807 807 807 1076 807 Inf
570 342 570 342 342 456 570 Inf 570 342 Inf
216 360 288 360 288 Inf 360 288 216 288 360
1825 1825 1460 1460 1825 Inf Inf Inf 1825 1825 1825
1204 Inf 903 1505 Inf 1204 1505 Inf 903 1505 1204
1 24
2 24
3 12
4 10
4 11
5 13
6 8
6 9
7 14
8 24
9 55
10 17
11 18
12 15
13 19
13 21
13 22
14 16
14 20
14 23
14 78
15 24
16 55
17 25
18 26
19 88
20 27
20 30
22 28
22 29
24 31
24 32
24 33
24 34
24 35
24 36
24 43
25 38
26 37
26 39
27 40
28 42
28 52
28 62
29 83
30 41
30 63
31 44
31 48
32 50
32 54
34 53
35 51
35 55
36 55
37 46
38 49
39 45
39 51
40 47
43 52
44 55
45 56
46 58
47 57
48 59
49 60
50 61
50 62
50 64
50 75
51 66
51 67
52 63
52 65
53 64
55 68
55 69
55 70
55 71
56 72
57 73
58 74
59 75
62 77
62 99
63 97
64 78
67 76
69 85
69 86
71 81
71 83
71 84
72 80
73 80
74 80
75 79
75 92
76 82
79 87
82 88
82 92
83 93
84 89
84 90
85 91
87 94
88 97
91 95
91 98
93 96
96 100
98 99
-1 -1