20
375 225 225 225 225 300 300
663 884 Inf 663 884 663 663
Inf 830 830 664 664 498 830
Inf 632 790 632 474 474 474
852 1136 1420 852 852 Inf 852
438 Inf Inf 438 Inf 584 Inf
765 765 612 765 Inf 459 Inf
870 522 522 696 696 Inf 870
560 448 336 Inf 448 Inf 560
136 102 136 136 170 Inf 102
715 Inf 429 715 572 429 429
495 297 Inf 396 495 495 Inf
445 267 356 267 267 445 445
594 Inf Inf 990 792 594 990
850 850 510 Inf 850 680 850
120 200 200 160 Inf 120 160
780 468 624 624 624 780 468
684 513 855 Inf 684 Inf 855
372 Inf Inf 465 372 Inf 372
159 Inf 212 265 212 159 Inf
1 4
2 5
2 7
3 6
3 8
4 10
5 9
6 13
8 11
8 12
9 14
11 16
12 15
14 18
15 19
16 17
16 20
-1 -1