50
1860 2480 2480 3100 Inf 3100 2480 2480 1860 1860 Inf
2175 2900 3625 2175 2175 Inf Inf 3625 3625 2175 2175
2585 Inf 1551 1551 Inf 2068 2585 Inf Inf 1551 2068
Inf 2970 1782 2376 2970 Inf 2970 1782 2376 2970 1782
Inf 2195 2195 2195 1756 Inf 1317 1756 Inf Inf 1317
2415 1932 1449 1932 1449 Inf Inf 1449 Inf 2415 Inf
1593 2655 2124 2124 Inf 2124 1593 2124 1593 Inf 2124
3345 3345 2676 Inf 2007 3345 2007 2007 2676 2007 2007
1659 2212 2212 2212 2765 2212 2765 1659 Inf 2765 2212
Inf 1314 1752 1314 1314 1314 Inf 2190 1752 1314 1314
Inf 2725 Inf 2725 Inf Inf 1635 2725 1635 2180 Inf
2000 2000 2000 2500 2000 2000 1500 2500 1500 Inf Inf
1413 1884 1884 1413 2355 1413 1413 1884 Inf 1413 1884
Inf 1730 1730 1038 Inf Inf 1730 Inf 1730 1038 1384
2365 1892 1892 Inf Inf Inf Inf 2365 1892 1892 1892
1080 864 648 864 648 648 864 864 864 Inf Inf
1128 1504 1504 Inf 1880 1128 1504 1128 1504 1128 1128
3260 2608 3260 2608 Inf Inf 3260 3260 Inf 3260 2608
2370 2370 Inf 1896 1422 1896 2370 2370 1896 1896 1896
1912 1912 Inf 2390 1912 2390 2390 1912 1912 1912 2390
1548 2580 1548 2064 1548 Inf Inf Inf Inf 1548 2064
1740 1305 1305 1305 1305 2175 1740 2175 2175 Inf 1305
Inf 2575 Inf 1545 2575 Inf Inf 2060 Inf Inf 1545
1932 1932 1932 1932 Inf 1932 1932 2576 1932 2576 1932
Inf 1680 1680 Inf 1260 1260 1680 1260 2100 2100 2100
1955 1173 1173 Inf Inf Inf 1564 Inf 1955 Inf 1564
2436 2436 2436 3045 2436 3045 3045 3045 2436 3045 2436
1200 1600 1600 Inf Inf 2000 2000 1200 Inf 1200 1600
2436 3248 4060 4060 2436 2436 Inf 2436 Inf 3248 3248
Inf 2385 1908 2385 1431 1908 2385 1908 1431 Inf 1431
1299 1299 Inf Inf 2165 2165 Inf 1732 Inf Inf 1732
2644 3305 1983 Inf 2644 1983 2644 Inf 1983 3305 2644
3045 2436 1827 1827 1827 1827 1827 1827 2436 1827 3045
1348 1011 1011 1685 1348 Inf 1685 1685 1685 1348 Inf
1281 1281 1281 Inf 1281 2135 1281 1281 2135 2135 1708
2040 2040 1530 2550 Inf 1530 1530 2040 2550 2550 Inf
1323 2205 1323 2205 Inf 1323 1323 2205 1323 2205 1323
1220 976 Inf 1220 1220 976 Inf 1220 976 1220 732
Inf 2355 Inf 2355 1884 1413 2355 2355 2355 Inf 1413
693 Inf 1155 1155 924 1155 1155 693 693 693 693
1704 Inf 1704 2840 2272 2840 1704 1704 2272 1704 2272
Inf 2508 1881 Inf 3135 3135 2508 3135 Inf Inf 3135
1398 1864 Inf 1864 1864 Inf 2330 1398 1864 1864 2330
Inf 2820 Inf 2256 2256 Inf 1692 1692 1692 Inf 2820
Inf 1868 1401 1868 Inf Inf 1401 2335 2335 1868 1401
2075 1660 1245 1245 1660 1660 Inf 2075 1245 1660 Inf
2944 2208 2944 2944 Inf Inf 2944 2944 3680 3680 3680
Inf 2316 2316 2316 1737 Inf 2895 1737 2895 1737 1737
1254 1672 1672 Inf 1672 1254 2090 1254 1254 1254 Inf
2600 3250 1950 2600 3250 1950 2600 1950 2600 2600 2600
1 34
2 9
2 13
3 8
3 12
3 29
3 31
4 7
4 11
4 26
4 39
5 6
5 10
6 34
7 34
8 34
9 16
10 15
10 17
10 19
11 20
11 32
13 14
13 18
14 34
15 21
16 22
17 23
18 24
18 25
18 30
21 29
22 27
23 30
24 28
24 31
24 32
25 26
25 32
25 33
26 34
27 36
28 35
28 37
29 39
30 38
32 38
34 40
34 41
34 42
34 43
34 44
35 45
36 46
36 47
37 49
38 48
45 50
-1 -1