50
110 Inf 110 110 Inf 66 66 Inf 110 88 Inf
828 1380 828 1380 1104 1104 1104 1104 1104 828 1104
Inf 360 600 600 360 Inf 360 Inf 600 600 600
732 915 732 915 732 549 Inf 549 732 Inf 732
339 Inf 339 Inf 339 452 452 339 339 565 Inf
555 444 555 333 555 333 333 Inf 444 555 333
291 485 291 Inf 388 388 388 291 291 388 485
920 736 736 Inf 920 736 552 736 552 920 Inf
114 152 Inf Inf 152 114 Inf 152 114 190 Inf
724 724 Inf 724 543 905 724 543 905 724 905
366 610 366 488 488 488 488 366 610 366 Inf
183 Inf 305 183 244 305 244 183 244 305 244
159 Inf 159 265 159 Inf 212 265 Inf 212 159
905 724 724 Inf 905 724 905 Inf 724 724 905
145 116 145 87 116 87 87 116 145 116 116
252 Inf 189 252 189 315 252 189 Inf 252 252
492 656 820 656 820 656 Inf 492 820 656 656
540 432 540 Inf 432 324 432 Inf 324 540 540
1148 861 1148 1435 1435 Inf Inf 1148 Inf 1148 1148
136 170 170 Inf 102 Inf 170 Inf Inf 136 Inf
615 Inf 369 615 492 Inf Inf 369 615 492 369
465 372 372 465 372 Inf 372 372 279 Inf 372
1450 870 1160 1450 1450 1160 870 1450 1450 Inf 1160
429 429 572 572 572 429 572 715 715 Inf 429
Inf 195 Inf 195 325 325 260 325 Inf 260 Inf
415 Inf 249 415 Inf 249 415 332 Inf 249 415
435 435 Inf 725 580 435 435 725 Inf 580 580
519 865 519 Inf 692 519 692 519 Inf 865 692
678 678 Inf 1130 904 1130 678 1130 1130 678 1130
908 Inf 681 908 Inf 681 681 1135 1135 1135 Inf
441 735 735 588 441 Inf Inf Inf 735 441 Inf
685 411 685 411 685 411 411 685 548 411 411
1040 832 624 832 832 624 832 832 832 1040 Inf
Inf 235 Inf 235 188 141 235 188 188 235 235
752 752 564 752 564 752 752 940 Inf 564 Inf
549 915 915 732 732 Inf 549 549 732 732 Inf
441 735 735 441 Inf 441 735 735 735 735 441
303 303 303 303 404 303 404 303 Inf Inf 505
591 985 985 Inf 985 591 985 985 788 788 591
108 108 108 108 144 108 Inf Inf Inf 108 Inf
520 Inf 650 390 520 650 520 390 Inf Inf 650
342 Inf 456 456 456 342 456 570 Inf 456 570
950 950 950 950 Inf Inf 570 760 760 950 570
484 Inf 484 363 605 605 Inf 363 484 Inf 363
Inf 336 336 448 Inf 560 448 Inf Inf 560 560
456 Inf Inf 456 342 570 342 Inf 342 570 456
660 495 660 660 495 Inf 825 660 495 660 Inf
415 249 332 Inf Inf 249 415 415 Inf 249 249
Inf 444 555 444 444 444 Inf 333 Inf Inf Inf
Inf 272 272 204 Inf 340 Inf 340 272 272 272
1 22
2 22
3 22
4 10
4 11
4 13
4 14
5 12
5 16
5 26
6 15
9 41
10 19
11 20
13 18
13 21
14 17
17 22
18 22
19 24
20 23
21 25
21 26
21 27
21 28
22 29
22 30
22 31
22 32
23 33
24 34
25 36
27 35
27 37
29 38
30 45
30 49
31 42
32 40
32 41
33 39
37 42
38 44
39 43
39 45
41 46
43 47
44 48
46 49
46 50
-1 -1