50
Inf 125 100 75 Inf 75 Inf 125 100 100 75
507 507 676 507 507 Inf 676 507 676 Inf 507
320 Inf 192 256 320 320 Inf 256 320 192 320
Inf 399 665 Inf 532 399 399 665 Inf 665 532
1165 932 1165 Inf 1165 699 1165 Inf 699 Inf 699
560 448 Inf 448 560 336 448 Inf Inf 560 448
255 255 153 255 255 204 Inf 255 204 255 153
180 240 180 180 300 Inf 240 180 300 300 300
378 630 630 Inf 504 378 504 504 630 630 Inf
785 628 471 628 Inf 471 Inf 628 628 Inf 628
Inf Inf 184 Inf 230 230 138 138 138 184 230
Inf 1220 976 1220 1220 Inf 732 732 732 1220 732
175 175 140 105 105 105 175 Inf 105 Inf 140
1100 Inf 1100 880 880 1100 660 Inf 1100 660 Inf
792 990 594 594 990 594 990 792 Inf 990 594
312 520 312 312 312 520 416 416 520 Inf 520
Inf 730 730 Inf Inf 584 Inf 438 Inf 584 584
875 700 700 875 Inf 875 875 525 875 525 875
568 568 568 710 710 Inf Inf 710 Inf 568 710
125 100 Inf 75 100 125 Inf 125 125 75 100
1370 822 Inf Inf 822 822 822 822 1370 822 1096
640 640 384 512 640 512 Inf 512 512 512 640
1148 1148 1435 Inf Inf 1148 1435 Inf Inf 1148 1148
245 245 147 147 245 245 147 Inf 196 196 Inf
480 640 480 480 800 480 800 480 640 480 800
267 267 267 Inf 445 267 Inf 267 356 445 267
168 Inf 280 280 280 280 168 280 224 168 224
325 195 Inf 195 260 260 325 260 260 195 325
Inf 524 393 655 655 393 655 Inf 655 655 655
237 316 316 Inf 316 395 395 316 237 395 237
96 160 160 96 128 Inf Inf Inf 128 160 Inf
1235 988 741 Inf 1235 1235 1235 Inf 988 741 1235
345 575 Inf 460 460 345 345 460 Inf 345 575
Inf Inf 124 155 Inf 93 124 124 155 93 124
Inf 100 Inf Inf 80 Inf 80 80 80 100 60
Inf Inf 510 Inf 850 Inf Inf 510 850 510 510
66 66 110 Inf Inf 88 66 88 88 Inf 110
712 712 890 534 712 Inf 890 712 890 712 890
1008 1260 1008 1008 1008 756 Inf 1008 1260 1260 1008
Inf 1080 Inf 864 648 864 864 864 648 864 1080
Inf 1235 988 Inf 1235 988 1235 1235 1235 988 1235
660 Inf 396 528 396 Inf 396 528 660 396 Inf
1345 Inf 1076 1345 807 1345 1345 1076 Inf 1345 807
624 Inf 468 780 468 Inf 468 468 624 Inf 624
1550 1550 930 1550 Inf 1550 Inf 930 Inf 930 930
Inf 660 660 825 Inf 660 Inf 825 660 495 660
310 Inf 186 186 248 248 310 248 Inf 186 186
147 196 147 245 196 196 Inf 196 Inf Inf 196
535 535 Inf 535 428 321 428 321 535 321 428
860 1075 1075 Inf 645 1075 860 645 645 645 1075
1 9
2 8
3 11
3 12
4 13
5 8
5 10
6 7
7 36
8 36
9 14
10 15
10 16
10 21
11 21
11 22
12 17
12 18
12 19
13 20
13 21
14 36
15 24
16 26
17 23
17 25
17 27
18 28
18 32
18 34
23 36
24 32
25 30
26 31
27 33
27 34
27 35
27 36
28 29
29 36
30 38
31 39
32 39
32 40
33 37
33 40
33 41
33 42
36 43
36 44
36 45
36 46
37 47
38 48
43 50
47 49
-1 -1