50
2716 3395 2037 3395 2037 2037 2716 2037 2037 2716 2716
2204 1653 2204 Inf 2755 1653 1653 2204 2755 1653 1653
1720 1720 Inf 1376 1376 1032 1376 1376 1376 1376 1376
774 774 1032 1290 1290 774 774 1290 Inf 774 1290
2660 Inf 2660 2660 2660 2128 1596 2660 2660 2128 2128
1920 2560 2560 3200 3200 2560 2560 3200 2560 2560 1920
2028 Inf 2704 3380 2028 Inf Inf 2028 2028 3380 2704
1776 1776 1776 2220 1332 1332 Inf 1332 Inf 1776 1332
2175 1740 2175 1305 1740 Inf 1740 Inf 2175 1305 1305
2136 2136 2670 2670 2136 2136 1602 1602 1602 Inf 2136
2175 2900 3625 2900 3625 3625 2175 2900 2900 3625 2175
3325 3325 1995 3325 2660 3325 1995 2660 1995 1995 1995
2264 Inf 2830 Inf 1698 1698 Inf 1698 1698 Inf 2830
2240 1344 1344 2240 Inf Inf 1344 1344 Inf Inf 2240
1395 1395 Inf 1860 1860 1395 1395 2325 2325 2325 2325
1880 2350 1880 1880 Inf 2350 1410 Inf 2350 2350 Inf
2384 2980 Inf 1788 2980 2980 Inf 1788 2980 Inf 2980
Inf Inf 3690 2214 3690 2952 Inf 2952 3690 Inf 2214
2148 Inf Inf 2685 2685 2685 2685 1611 2685 1611 Inf
1197 1995 1596 1995 1197 1197 Inf Inf Inf 1995 1596
2165 Inf 1299 2165 Inf Inf 1299 1732 1732 1732 1732
2875 1725 1725 1725 2875 2300 2875 Inf 2300 2300 1725
2640 2640 2112 2112 2640 2640 Inf 2112 1584 1584 1584
1965 1965 1965 1965 2620 2620 2620 1965 Inf Inf Inf
1530 1530 1224 Inf 1530 Inf 1530 1224 1530 1224 Inf
1776 1776 2368 Inf 2960 Inf 2960 1776 2368 2960 2960
2112 2112 Inf 1584 2640 2640 1584 1584 1584 1584 1584
Inf 3380 2704 2704 2704 2704 Inf 2704 3380 2704 3380
2640 Inf 2112 1584 2112 2640 2112 1584 2640 2112 2112
963 963 1284 1284 963 1284 1605 1605 1284 963 1284
Inf 2404 2404 1803 2404 2404 Inf 1803 1803 3005 1803
1356 Inf 1695 1356 Inf Inf 1695 1695 1017 1695 1356
Inf 3780 3024 Inf 2268 3780 Inf Inf 3024 2268 3024
1672 1672 2090 2090 1672 1672 1254 Inf Inf 1672 1672
2256 1692 1692 2820 2820 2256 Inf Inf 2820 2256 2820
Inf 2420 Inf 1452 1936 2420 2420 1452 1452 1936 1936
1422 Inf 1896 2370 1896 1896 Inf 2370 1422 Inf 2370
1446 1446 1928 1446 2410 1446 2410 1928 1446 1928 1446
1935 1935 1548 1548 1548 1548 1935 Inf 1548 1935 1935
2720 2720 3400 2720 Inf 2040 3400 3400 2040 3400 2040
1144 Inf 858 Inf 1144 1144 858 1430 858 1430 1430
1224 1632 2040 Inf 1632 2040 Inf 2040 2040 1224 Inf
1827 2436 1827 3045 2436 3045 2436 Inf 2436 1827 3045
2428 1821 Inf 1821 3035 3035 1821 Inf 2428 2428 1821
2072 2072 2590 Inf 2072 2590 1554 1554 2072 Inf Inf
1620 Inf 1296 Inf 972 1296 1296 1620 972 1296 972
1616 1212 Inf 2020 2020 1212 2020 1616 1616 1616 1212
2700 2700 Inf 1620 1620 1620 1620 1620 1620 Inf Inf
1995 Inf 1995 1995 1596 1197 1995 1995 1197 1596 Inf
Inf 1269 2115 1692 1692 2115 1692 Inf Inf 2115 2115
1 31
2 6
2 8
2 10
3 5
3 7
4 9
5 31
6 12
7 11
8 13
9 15
10 14
10 16
11 17
12 19
13 18
13 22
15 20
15 21
17 27
18 24
18 25
18 26
18 28
20 30
21 29
22 23
23 31
24 31
25 32
26 33
27 35
28 34
29 37
30 36
31 38
31 39
31 40
31 41
31 42
31 46
31 47
32 44
33 44
34 43
36 45
38 48
40 50
43 48
44 49
-1 -1