50
1296 972 Inf 972 972 Inf Inf 972 Inf Inf
96 96 72 Inf 96 72 120 72 120 96
120 72 120 72 120 72 72 Inf Inf 120
Inf 188 188 141 Inf Inf 141 188 Inf 141
831 831 1108 1108 Inf 831 1385 1108 1108 1108
745 Inf Inf 596 447 Inf 745 745 596 447
715 715 Inf 572 572 429 429 715 429 715
785 Inf 785 471 785 Inf 471 Inf Inf Inf
627 Inf Inf Inf 1045 627 Inf 1045 1045 1045
429 715 572 429 715 429 715 429 Inf 715
1050 840 Inf 630 630 Inf 630 630 840 1050
159 265 265 159 159 159 265 265 265 212
268 201 268 201 268 201 268 201 335 268
540 540 405 540 540 405 540 Inf 675 540
Inf 438 730 584 438 584 438 438 438 Inf
288 216 216 216 288 216 360 216 288 216
520 650 520 520 390 650 Inf 520 520 650
665 399 665 665 665 Inf Inf 399 665 Inf
Inf 1310 786 786 Inf 786 786 Inf 786 1310
348 348 348 435 435 348 348 435 435 Inf
Inf Inf 315 252 252 189 315 189 252 315
580 Inf 464 Inf 464 464 464 580 Inf 580
952 1190 714 714 1190 1190 Inf 1190 714 714
390 Inf 312 390 234 Inf 234 Inf 390 312
420 420 700 420 420 700 700 700 700 420
1040 Inf 832 624 Inf 832 Inf Inf 1040 624
360 480 480 360 360 480 360 480 600 Inf
375 625 Inf 500 375 375 500 625 500 Inf
920 920 920 552 Inf 920 552 736 552 552
Inf 600 1000 800 800 600 600 600 600 Inf
621 Inf 1035 1035 621 Inf 621 828 621 621
1060 795 1325 Inf Inf 1325 Inf 1325 1060 Inf
895 Inf 716 Inf 895 716 537 895 537 716
Inf 592 740 444 444 444 Inf 444 592 444
495 297 297 396 396 396 297 297 Inf Inf
105 175 105 105 105 Inf 175 105 140 105
534 534 712 890 534 712 890 712 712 890
260 195 325 260 195 Inf 260 195 Inf 325
320 256 256 192 256 320 256 192 192 256
573 573 955 573 955 573 764 764 955 955
564 564 705 705 423 423 Inf 564 423 705
Inf 198 264 330 Inf 264 264 330 330 330
252 Inf 252 252 315 189 189 252 315 315
315 420 315 420 525 315 Inf 525 420 525
100 125 100 75 75 Inf 125 125 125 100
464 464 348 348 464 580 580 580 464 Inf
Inf 447 447 745 Inf 745 447 745 Inf 745
508 Inf 381 Inf 381 381 635 635 508 635
625 Inf 375 Inf 500 Inf 625 375 375 500
856 Inf 856 856 856 856 1070 1070 1070 856
1 8
2 8
3 8
4 8
5 8
6 9
7 10
7 11
7 12
7 13
7 14
8 15
8 16
8 17
8 18
8 19
8 20
9 21
10 22
18 24
20 23
21 27
22 25
22 26
23 28
23 30
23 33
23 34
24 29
25 31
25 32
28 35
29 36
30 37
31 40
32 39
32 41
34 38
35 42
36 43
37 43
38 47
39 44
40 45
41 46
42 48
45 50
46 49
-1 -1