50
1533 2044 2044 1533 2044 1533 2555 Inf Inf 2044 1533
Inf 2250 1350 2250 2250 1800 1800 Inf 1350 1350 1800
1542 2056 2056 1542 2056 1542 Inf 1542 2056 2570 1542
1620 1620 1296 1296 972 972 972 972 1620 1620 Inf
2284 2855 1713 2855 Inf 1713 1713 2855 2855 2855 2855
1371 Inf 1371 1828 2285 2285 1371 2285 2285 1371 2285
1452 Inf 2420 1452 1452 1936 1452 1936 1452 Inf 1452
3640 3640 2184 2184 2912 3640 Inf 2912 3640 Inf 2912
1431 2385 1431 2385 1908 2385 1908 1431 Inf 2385 Inf
1900 1520 1140 1520 1520 Inf 1900 Inf 1900 1900 Inf
2550 Inf 2040 1530 2550 2040 1530 1530 2550 1530 1530
Inf 1356 1808 2260 1808 2260 1356 1356 2260 2260 Inf
2140 Inf 1712 1712 Inf 2140 1712 1284 1712 1284 Inf
1722 1722 2870 1722 Inf 2296 1722 2870 Inf 2296 2870
1528 Inf 1910 1910 1146 1910 1146 1146 1146 1528 Inf
1444 1444 Inf 1805 Inf 1444 Inf 1805 1444 1805 1444
1275 1700 1700 1275 2125 2125 1275 2125 1700 1700 2125
939 939 939 1252 1565 1252 Inf 1565 1252 1565 939
Inf 2820 1692 2820 1692 Inf 2256 2820 Inf 2256 2820
1430 858 1430 1430 858 1430 1144 1144 1144 1144 Inf
1005 Inf 1675 1340 Inf 1005 Inf Inf 1005 Inf 1005
1287 2145 Inf 2145 1287 1716 2145 1287 2145 1287 Inf
2625 2100 2625 Inf 2625 2100 2625 1575 2625 1575 1575
3470 2082 2082 Inf 2776 2776 2082 2776 3470 3470 3470
1329 1772 1329 1329 1772 1329 1772 2215 1772 1329 2215
2805 2244 1683 2244 1683 2244 1683 2244 2244 Inf 2244
1284 1284 Inf Inf 2140 1284 1284 2140 2140 1284 2140
1212 1212 1212 1616 1616 Inf 1616 1212 2020 1212 1616
750 1000 750 Inf 1000 1250 Inf 1250 Inf 1250 750
Inf Inf 1458 1944 1944 Inf 2430 1944 1944 2430 1944
1371 1371 1371 Inf Inf 1371 1371 1828 1371 1371 1371
1460 Inf Inf 876 1168 1460 876 1460 1460 1460 Inf
1612 Inf Inf 2015 1612 1612 1209 2015 2015 Inf 1209
1496 1122 1870 1496 1870 1870 1122 1122 Inf 1870 1870
2015 1612 Inf 2015 1209 Inf 1612 2015 1209 1612 Inf
2925 1755 2340 2925 Inf 1755 2340 2340 2340 2340 2925
1416 2360 1416 Inf 1416 Inf 2360 2360 1888 1888 Inf
Inf 2396 2995 1797 Inf Inf 2995 1797 2995 1797 2396
1563 1563 1563 1563 1563 1563 Inf 2605 1563 Inf 1563
Inf Inf 1840 Inf Inf 1472 1840 1472 1840 1840 1104
1566 Inf 2610 Inf 2088 2088 2610 2088 2610 1566 2610
2550 2040 1530 1530 2550 2550 2040 2040 2040 2040 2040
1269 2115 Inf 1692 1269 1692 1269 Inf 1692 1692 1269
2056 Inf 2056 Inf 1542 1542 Inf 2056 Inf 2056 2570
1548 1548 1548 2064 Inf 2064 1548 2064 2580 2580 2064
1872 2340 2340 1872 1872 1404 Inf 2340 2340 1872 2340
2275 1365 1820 2275 1820 1820 2275 1820 1365 Inf 1365
2910 2328 1746 1746 Inf Inf 2910 2328 1746 1746 2910
1650 1650 2200 Inf 2750 2200 1650 2200 2750 Inf 2200
2970 1782 2970 Inf 1782 Inf 1782 Inf Inf 1782 Inf
1 15
2 15
3 15
4 6
4 7
4 8
4 9
4 10
4 11
4 12
4 13
4 14
6 15
7 15
8 16
9 17
11 18
11 20
12 40
14 19
15 21
15 22
15 23
15 24
15 25
15 29
16 27
17 26
18 28
21 34
21 40
22 33
22 44
24 48
26 32
27 31
28 30
29 47
30 35
31 36
32 37
32 39
33 38
33 40
34 46
35 42
36 43
37 41
37 44
38 46
39 50
41 45
42 49
43 47
44 46
44 48
44 50
-1 -1