100
328 410 246 410 410 410 328 246 328 410
275 275 165 Inf 220 220 220 165 Inf 275
Inf Inf 675 900 675 675 675 1125 900 1125
270 270 270 360 360 270 270 Inf 450 360
600 750 450 600 600 450 750 750 750 600
135 81 135 108 81 135 81 135 Inf 108
475 475 475 475 380 Inf Inf Inf 380 285
550 330 440 Inf Inf 550 330 550 550 550
Inf 500 625 Inf 625 625 500 625 625 625
Inf 550 440 Inf 330 330 440 Inf 550 330
440 Inf 352 440 440 440 264 352 264 Inf
1740 1044 1044 1392 1044 1740 1740 Inf 1740 1044
840 504 840 672 504 840 504 672 840 504
Inf Inf Inf 1225 Inf 1225 735 980 735 1225
1175 1175 705 Inf 1175 Inf 705 Inf 705 940
425 Inf Inf 255 Inf 425 425 340 255 425
177 236 Inf 177 177 295 Inf 295 295 177
Inf Inf 1010 1010 808 1010 808 1010 Inf 606
Inf 405 675 675 Inf Inf Inf 675 540 675
921 921 1228 1228 1228 921 1228 Inf 1228 921
565 Inf 565 452 452 452 339 339 339 339
Inf 579 965 965 965 579 965 965 579 579
1140 Inf 1140 912 684 1140 Inf Inf 1140 684
784 588 784 784 588 980 784 784 588 Inf
595 476 476 Inf 595 595 357 476 357 476
560 560 420 420 Inf 700 Inf 560 420 560
Inf 605 363 605 363 363 Inf Inf Inf 363
396 528 660 660 528 396 528 396 528 660
84 140 140 112 84 Inf 84 140 84 84
840 840 Inf Inf 840 504 840 840 504 672
196 196 245 245 Inf 196 147 245 Inf 245
990 Inf 990 792 Inf 990 792 792 990 990
264 440 352 352 352 440 264 Inf 264 440
324 432 540 540 324 Inf 324 432 Inf 432
717 1195 956 1195 Inf 717 Inf 1195 1195 717
580 348 Inf 348 Inf 464 464 464 Inf Inf
564 940 940 752 564 752 Inf Inf 564 752
1030 1030 1030 824 1030 618 824 1030 Inf 618
447 447 596 745 745 447 596 Inf 447 596
825 825 495 495 495 495 495 Inf Inf 495
495 297 495 396 396 495 Inf 495 297 Inf
696 Inf 696 870 696 870 696 522 696 696
Inf 668 668 668 668 668 668 668 501 835
72 72 Inf Inf Inf Inf 120 120 96 120
132 Inf 132 176 132 176 176 176 Inf 220
606 1010 606 808 1010 1010 606 808 606 1010
136 170 Inf 136 136 170 170 136 136 170
Inf Inf 390 650 390 Inf 390 520 390 650
Inf Inf 1160 928 696 928 696 Inf 1160 928
1064 1330 1330 1330 1330 1330 1330 1330 1064 1064
72 96 72 72 72 96 120 96 96 120
207 207 345 Inf 345 276 207 207 345 345
1485 1188 Inf Inf 1188 1188 Inf Inf Inf 891
213 Inf Inf 284 284 284 284 213 Inf Inf
Inf 288 Inf 360 288 Inf 360 360 216 360
Inf Inf 610 488 Inf 366 366 366 Inf 488
368 276 460 368 276 276 Inf 460 Inf 368
410 Inf 246 410 328 328 246 328 328 328
655 655 Inf 524 524 655 Inf Inf 524 655
669 1115 669 1115 1115 Inf 1115 669 892 669
1048 Inf 1310 786 Inf 786 Inf 786 1048 1310
455 364 Inf 273 273 Inf 455 364 Inf 455
132 Inf 132 Inf 132 Inf 220 220 220 176
215 215 215 Inf 129 215 129 215 172 215
240 240 240 240 300 240 300 240 Inf 180
Inf 360 Inf 360 Inf 600 600 600 Inf 480
129 215 172 129 215 Inf 172 129 215 129
Inf 1725 1035 1380 1380 1035 1035 1725 1725 Inf
Inf 1365 1092 Inf 1365 1092 1365 819 1092 Inf
255 Inf 340 340 Inf 255 255 425 425 425
Inf 652 Inf 815 652 652 Inf Inf 652 652
Inf Inf Inf 400 240 240 240 Inf 400 320
141 235 141 188 235 141 Inf 235 Inf Inf
279 465 372 Inf 465 465 Inf 465 372 Inf
344 430 Inf 344 Inf 258 344 344 258 344
508 635 381 508 381 508 508 Inf 635 635
1020 816 612 816 816 612 612 1020 612 1020
669 669 1115 Inf 1115 Inf 669 892 892 892
620 Inf Inf Inf 620 620 372 372 Inf Inf
1035 1035 828 Inf Inf 621 828 1035 Inf 828
688 688 688 516 688 688 860 860 860 Inf
912 684 684 912 684 1140 Inf 912 912 912
192 144 144 240 240 144 240 192 Inf 192
110 Inf 88 110 110 Inf 88 66 88 110
738 Inf 738 1230 Inf Inf Inf 984 984 Inf
543 543 Inf 724 905 905 543 905 724 905
573 764 955 Inf Inf Inf 573 955 Inf 764
351 585 585 Inf 468 468 351 468 468 468
546 Inf 728 728 910 Inf 910 910 728 910
230 230 184 230 138 184 230 138 138 Inf
333 333 333 444 444 555 555 444 333 555
Inf 424 530 318 318 424 424 318 Inf 424
835 668 668 501 668 835 Inf 835 Inf 501
657 876 657 Inf 657 876 876 876 876 876
172 Inf 172 129 172 172 Inf 172 215 Inf
102 170 102 102 170 Inf 102 170 136 Inf
395 237 316 237 237 395 316 Inf Inf 395
186 248 Inf 310 310 186 248 Inf 248 Inf
Inf Inf 470 470 470 376 282 470 282 376
159 265 212 265 212 Inf 265 212 265 212
1 29
2 29
3 52
4 11
5 7
5 9
5 10
5 12
5 13
5 14
5 16
5 17
6 8
6 15
6 18
7 29
8 52
9 52
10 52
11 19
12 24
13 23
14 22
14 25
14 27
15 26
16 21
16 28
18 20
19 29
20 29
21 29
22 52
23 30
24 33
25 31
26 32
26 35
26 38
27 37
28 34
28 36
29 39
29 40
29 41
29 42
29 43
29 44
30 45
31 45
32 47
34 46
34 50
35 48
35 51
37 49
45 52
46 53
47 54
48 55
52 56
52 57
52 58
52 59
52 60
52 61
52 62
53 63
54 63
55 64
55 65
56 66
56 70
57 68
57 72
60 71
61 69
62 67
66 75
67 73
67 74
67 79
70 76
71 78
72 77
73 80
74 81
75 83
76 85
79 82
79 84
80 86
81 88
82 87
82 91
83 92
85 89
85 90
86 94
87 93
89 100
90 95
91 97
91 98
92 96
92 99
-1 -1