50
2645 1587 1587 2645 2116 Inf Inf 2116 2116 2116
2361 3935 2361 Inf 3935 2361 3148 3148 2361 3935
2655 2655 1593 1593 1593 2124 2124 1593 2124 2124
3325 3325 2660 2660 2660 2660 3325 2660 2660 2660
3224 3224 4030 4030 2418 4030 3224 2418 4030 3224
Inf 1269 Inf 1692 2115 1269 2115 1692 2115 2115
2275 2275 1820 1820 1365 1820 1365 2275 1365 1820
2655 Inf 2655 2655 1593 2124 Inf 1593 1593 1593
1612 1612 2015 1209 1209 1612 Inf 1209 1612 2015
1276 1276 957 Inf 1595 1276 957 Inf 1595 1595
Inf 1864 1864 Inf Inf 2330 1864 2330 2330 Inf
2445 1467 1467 Inf Inf 1956 Inf 1956 1467 1956
1695 Inf 1695 2260 2825 2260 1695 2260 1695 2825
1200 Inf 720 960 Inf 960 Inf 720 1200 1200
1074 1074 1790 1074 Inf 1790 1432 1074 1790 1790
2555 1533 1533 1533 2555 2044 1533 1533 1533 2555
Inf Inf 2330 1398 Inf 2330 Inf 1398 1398 1864
1611 2148 2685 1611 2685 Inf Inf 2685 2685 1611
Inf 2170 1736 2170 1736 Inf 1302 Inf 2170 2170
2830 1698 Inf Inf 2264 Inf Inf 2264 1698 2830
Inf 1380 1840 Inf Inf 2300 1840 Inf 1840 2300
3420 3420 3420 3420 2736 3420 3420 3420 Inf 2052
2780 2224 2224 2224 2224 2224 1668 Inf 1668 1668
1872 1404 1404 Inf 1872 2340 1404 1404 1872 1872
Inf 3075 1845 1845 2460 Inf 2460 1845 Inf 2460
1527 Inf Inf Inf Inf Inf 1527 2036 1527 2036
2465 Inf Inf 2465 2465 1479 1479 1479 1479 Inf
2388 1791 2985 1791 2388 2985 2985 2388 1791 2388
Inf Inf Inf Inf 2116 2645 1587 2645 1587 2645
1320 1760 2200 1760 Inf Inf 2200 2200 Inf 1320
1848 2310 1386 1386 2310 Inf 1386 2310 2310 1386
1692 1269 1692 1692 1692 1692 1269 Inf Inf 1692
2368 1776 2368 2960 2960 Inf 1776 2368 1776 2368
Inf Inf Inf 1575 Inf 2625 Inf 1575 2625 2100
2330 2330 1864 1864 1864 1398 1398 Inf Inf Inf
2500 1875 2500 Inf 2500 2500 2500 2500 3125 Inf
1416 Inf Inf Inf 1062 1062 1416 1416 1062 1416
2028 Inf 2028 2028 Inf 3380 2028 2028 2028 Inf
1122 1870 1122 1496 Inf 1496 1122 1122 1122 1122
1902 Inf 1902 Inf Inf 1902 Inf 1902 1902 1902
Inf Inf Inf 1335 1068 Inf 1068 1335 1335 1335
2312 Inf 2312 2890 1734 2312 2312 Inf Inf 2312
2616 3270 2616 2616 2616 Inf Inf 2616 Inf 3270
1131 1885 1508 1508 Inf 1131 1885 Inf 1131 1131
2445 1956 1956 2445 Inf 1467 1956 2445 Inf 2445
3115 2492 Inf Inf 2492 1869 2492 3115 3115 2492
Inf 2112 2640 Inf 2640 2112 1584 2640 Inf 1584
1797 2396 2995 2995 2396 1797 2995 1797 2995 2995
2168 2168 Inf Inf 2168 1626 Inf 2168 1626 1626
Inf 1371 1828 1828 1371 1828 1828 1828 1828 1828
1 6
1 10
1 11
4 9
4 12
5 7
5 8
6 19
7 19
8 19
9 13
9 14
9 15
9 16
12 17
12 18
13 19
14 19
15 20
16 22
16 25
17 21
17 24
18 23
19 26
19 27
19 28
19 29
19 30
20 32
21 31
21 33
21 34
22 35
26 41
26 42
28 40
30 40
31 36
32 39
33 37
34 38
36 44
37 43
38 45
40 47
42 46
43 48
45 49
47 50
-1 -1