100
890 534 712 534 Inf 712 Inf 534 890 890 Inf
414 690 414 690 414 690 414 690 690 690 690
66 66 66 110 110 110 66 88 88 66 88
804 1005 1005 1005 603 603 804 804 804 603 804
372 279 Inf 279 372 465 279 372 Inf 465 465
465 372 279 465 Inf 279 Inf Inf 465 279 465
815 489 652 652 815 Inf Inf 815 815 815 815
416 Inf 416 Inf Inf Inf Inf 416 312 416 Inf
1010 606 808 1010 606 606 808 1010 Inf 606 Inf
714 714 1190 1190 1190 714 714 714 952 714 Inf
700 Inf 700 Inf 525 700 Inf 525 700 525 875
645 860 645 1075 Inf Inf 860 1075 Inf 1075 Inf
288 Inf Inf 288 216 288 288 288 360 360 216
640 640 512 512 640 384 640 512 Inf Inf 640
681 908 681 908 681 681 908 681 1135 1135 681
687 1145 687 916 Inf Inf 687 1145 687 1145 687
340 425 425 425 340 340 Inf 340 340 340 255
272 Inf 340 204 204 272 272 204 204 272 Inf
740 740 Inf 740 Inf 444 592 592 592 444 Inf
Inf 96 Inf 160 128 160 Inf Inf 128 128 128
Inf Inf 580 464 348 464 580 464 580 Inf 348
477 636 636 636 795 Inf 795 Inf 636 477 477
370 370 296 Inf 370 296 296 296 222 Inf Inf
900 720 900 900 900 900 540 720 540 900 Inf
Inf 190 Inf 114 152 190 114 152 114 190 114
450 750 450 450 450 Inf 750 Inf 450 600 750
441 588 588 735 588 441 441 588 588 441 Inf
270 270 162 Inf 216 270 270 270 216 270 162
405 324 324 Inf Inf 324 324 243 405 405 324
312 312 520 Inf 312 Inf 312 520 312 312 520
396 660 660 Inf Inf Inf Inf Inf 660 528 Inf
876 1460 1460 1460 Inf Inf Inf 1168 Inf 1460 1460
220 275 275 165 220 275 165 220 275 275 Inf
855 513 684 513 684 855 684 Inf Inf 684 855
Inf 267 356 356 Inf 267 267 445 356 445 445
500 400 300 500 Inf 500 500 300 400 500 400
355 Inf 355 355 Inf 213 355 284 213 Inf 355
207 207 345 276 345 345 207 276 345 345 207
312 390 234 312 234 234 312 Inf 390 390 Inf
690 414 Inf 690 552 414 690 552 552 Inf 690
484 363 Inf Inf 484 363 363 Inf 484 605 484
387 387 516 516 Inf 645 645 Inf 387 645 Inf
860 688 516 516 860 Inf Inf 688 860 Inf 860
234 312 234 Inf 234 390 390 Inf Inf Inf 234
410 Inf 328 410 Inf 410 328 328 246 246 410
1080 648 864 1080 864 864 648 1080 648 648 Inf
360 216 Inf 360 288 Inf 288 360 288 216 216
573 764 Inf 764 955 955 764 Inf 764 764 764
655 524 393 524 524 524 524 655 393 Inf Inf
723 1205 Inf 964 964 1205 723 723 723 1205 723
Inf 148 185 185 185 111 148 148 148 148 111
432 Inf 576 720 Inf 576 720 432 576 720 576
315 315 315 Inf Inf Inf 252 189 Inf 252 315
Inf 600 Inf 800 1000 800 600 Inf 800 600 Inf
695 Inf 695 695 417 556 695 695 417 695 Inf
Inf 627 836 Inf 627 836 Inf 1045 836 627 627
880 Inf 528 880 704 704 Inf 704 528 528 880
Inf 309 412 Inf 309 Inf 309 515 515 309 412
Inf 1105 Inf 884 663 663 1105 884 Inf Inf 884
507 507 845 676 845 845 845 Inf 845 676 Inf
711 711 Inf 948 Inf 948 711 Inf Inf 948 711
Inf 102 Inf 170 Inf 170 170 136 170 102 102
429 572 429 572 572 Inf Inf 715 Inf 572 572
275 Inf 220 165 275 165 220 220 Inf Inf 275
Inf 111 185 111 Inf Inf 111 148 185 111 185
807 1076 Inf 807 1345 Inf 1345 807 1345 807 807
652 489 489 Inf 489 652 489 Inf 815 489 815
432 432 Inf 540 324 Inf Inf 540 540 324 432
147 147 245 147 245 Inf 196 147 147 196 Inf
704 704 704 704 528 880 Inf 880 704 704 704
996 1328 996 1660 1660 1328 1328 Inf Inf 996 1328
Inf 684 912 1140 1140 912 Inf 1140 1140 684 912
555 Inf 555 333 555 Inf 555 444 333 333 555
376 282 Inf 470 282 282 282 Inf 470 470 Inf
1055 844 844 1055 844 844 1055 844 1055 633 633
155 124 155 155 93 Inf 93 Inf 155 155 155
492 Inf 492 492 492 492 Inf Inf Inf 492 615
Inf 246 Inf 410 410 246 246 246 328 246 246
180 180 225 135 225 180 180 135 135 225 225
870 1450 870 1450 1160 1450 1450 870 1450 1450 Inf
615 492 369 492 369 492 Inf Inf 492 615 615
144 Inf 192 240 Inf 144 Inf Inf 144 240 Inf
960 960 1600 960 1600 Inf 960 Inf 1280 1280 1600
129 129 129 215 129 215 215 215 Inf 129 172
Inf 580 Inf 464 580 348 Inf 464 580 348 348
655 393 524 393 393 393 Inf Inf 393 655 655
360 Inf 288 360 360 360 288 288 Inf 216 216
Inf 276 Inf 276 368 276 460 Inf 460 460 276
404 Inf 505 404 Inf 404 505 404 Inf Inf 303
740 Inf Inf 740 740 444 Inf Inf Inf Inf 592
414 690 552 552 Inf 552 414 690 Inf 690 414
845 676 845 507 676 507 676 676 507 507 507
728 Inf 910 Inf 910 546 546 910 910 910 728
740 592 444 592 740 Inf 740 444 592 740 592
1080 1350 1350 1350 Inf 810 1080 Inf 1350 1350 810
Inf 645 860 860 860 860 860 860 Inf 645 1075
536 670 536 670 536 402 402 536 402 Inf 536
1208 Inf 1510 1208 Inf 1208 906 1510 906 1208 Inf
956 Inf 956 717 956 717 717 956 1195 1195 956
668 668 501 668 668 668 501 668 668 835 835
1 26
2 26
3 25
3 35
4 7
4 8
4 11
4 14
4 95
5 9
5 10
5 13
6 12
6 15
6 36
6 92
7 51
8 51
9 26
10 16
10 18
10 21
10 22
12 17
12 24
13 19
13 20
14 23
16 51
17 26
18 27
19 32
19 33
19 34
19 84
20 23
20 25
20 35
21 29
21 32
22 24
22 28
22 30
22 31
23 51
24 51
25 51
26 39
26 40
26 41
26 42
26 43
26 44
27 45
28 36
28 46
28 47
28 83
30 94
31 37
31 59
32 82
33 48
33 97
34 38
34 50
34 87
35 49
36 51
37 51
38 51
39 52
39 57
42 58
43 61
44 72
45 54
46 55
47 56
48 53
49 59
49 79
50 60
51 62
51 63
51 64
51 65
51 66
51 67
51 94
51 100
52 68
53 69
54 72
55 71
56 71
57 70
59 100
60 74
61 73
64 90
68 75
69 76
70 79
71 77
73 78
75 82
76 83
77 80
78 81
79 84
79 85
80 86
81 87
82 90
83 89
84 88
84 94
86 92
87 91
87 94
88 93
88 95
91 96
92 100
94 98
94 99
95 97
-1 -1